%YAML:1.0
---
Matches:
   - [ 0, 962, 0, 92. ]
   - [ 1, 292, 0, 112. ]
   - [ 2, 64, 0, 58. ]
   - [ 3, 895, 0, 86. ]
   - [ 4, 346, 0, 56. ]
   - [ 5, 708, 0, 87. ]
   - [ 6, 1146, 0, 102. ]
   - [ 7, 1297, 0, 87. ]
   - [ 8, 894, 0, 75. ]
   - [ 9, 239, 0, 65. ]
   - [ 10, 937, 0, 93. ]
   - [ 11, 22, 0, 104. ]
   - [ 12, 1007, 0, 83. ]
   - [ 13, 772, 0, 109. ]
   - [ 14, 719, 0, 86. ]
   - [ 15, 1301, 0, 78. ]
   - [ 16, 891, 0, 89. ]
   - [ 17, 125, 0, 98. ]
   - [ 18, 871, 0, 85. ]
   - [ 19, 142, 0, 113. ]
   - [ 20, 1070, 0, 98. ]
   - [ 21, 994, 0, 118. ]
   - [ 22, 1291, 0, 97. ]
   - [ 23, 324, 0, 89. ]
   - [ 24, 936, 0, 90. ]
   - [ 25, 395, 0, 99. ]
   - [ 26, 1147, 0, 107. ]
   - [ 27, 833, 0, 114. ]
   - [ 28, 561, 0, 109. ]
   - [ 29, 1551, 0, 115. ]
   - [ 30, 53, 0, 94. ]
   - [ 31, 150, 0, 101. ]
   - [ 32, 935, 0, 84. ]
   - [ 33, 934, 0, 107. ]
   - [ 34, 161, 0, 76. ]
   - [ 35, 270, 0, 98. ]
   - [ 36, 842, 0, 105. ]
   - [ 37, 146, 0, 111. ]
   - [ 38, 201, 0, 51. ]
   - [ 39, 1075, 0, 102. ]
   - [ 40, 29, 0, 101. ]
   - [ 41, 974, 0, 108. ]
   - [ 42, 955, 0, 95. ]
   - [ 43, 797, 0, 112. ]
   - [ 44, 107, 0, 112. ]
   - [ 45, 487, 0, 110. ]
   - [ 46, 144, 0, 58. ]
   - [ 47, 188, 0, 104. ]
   - [ 48, 201, 0, 79. ]
   - [ 49, 861, 0, 118. ]
   - [ 50, 841, 0, 52. ]
   - [ 51, 217, 0, 103. ]
   - [ 52, 15, 0, 60. ]
   - [ 53, 1528, 0, 72. ]
   - [ 54, 929, 0, 75. ]
   - [ 55, 346, 0, 74. ]
   - [ 56, 1021, 0, 71. ]
   - [ 57, 511, 0, 97. ]
   - [ 58, 725, 0, 90. ]
   - [ 59, 26, 0, 81. ]
   - [ 60, 200, 0, 59. ]
   - [ 61, 1528, 0, 76. ]
   - [ 62, 895, 0, 78. ]
   - [ 63, 221, 0, 96. ]
   - [ 64, 1089, 0, 101. ]
   - [ 65, 774, 0, 88. ]
   - [ 66, 1299, 0, 81. ]
   - [ 67, 966, 0, 99. ]
   - [ 68, 1323, 0, 73. ]
   - [ 69, 949, 0, 54. ]
   - [ 70, 186, 0, 82. ]
   - [ 71, 111, 0, 56. ]
   - [ 72, 716, 0, 87. ]
   - [ 73, 921, 0, 70. ]
   - [ 74, 49, 0, 60. ]
   - [ 75, 904, 0, 89. ]
   - [ 76, 940, 0, 78. ]
   - [ 77, 128, 0, 42. ]
   - [ 78, 1068, 0, 99. ]
   - [ 79, 823, 0, 75. ]
   - [ 80, 916, 0, 83. ]
   - [ 81, 902, 0, 78. ]
   - [ 82, 1322, 0, 79. ]
   - [ 83, 935, 0, 77. ]
   - [ 84, 242, 0, 97. ]
   - [ 85, 913, 0, 76. ]
   - [ 86, 116, 0, 90. ]
   - [ 87, 1291, 0, 99. ]
   - [ 88, 1034, 0, 122. ]
   - [ 89, 324, 0, 93. ]
   - [ 90, 1034, 0, 89. ]
   - [ 91, 1222, 0, 106. ]
   - [ 92, 738, 0, 88. ]
   - [ 93, 1340, 0, 102. ]
   - [ 94, 1313, 0, 93. ]
   - [ 95, 327, 0, 104. ]
   - [ 96, 1034, 0, 81. ]
   - [ 97, 1043, 0, 117. ]
   - [ 98, 1331, 0, 107. ]
   - [ 99, 173, 0, 128. ]
   - [ 100, 60, 0, 111. ]
   - [ 101, 53, 0, 94. ]
   - [ 102, 1081, 0, 103. ]
   - [ 103, 1122, 0, 93. ]
   - [ 104, 196, 0, 117. ]
   - [ 105, 781, 0, 101. ]
   - [ 106, 1001, 0, 84. ]
   - [ 107, 61, 0, 107. ]
   - [ 108, 1279, 0, 94. ]
   - [ 109, 975, 0, 101. ]
   - [ 110, 1387, 0, 97. ]
   - [ 111, 888, 0, 88. ]
   - [ 112, 500, 0, 121. ]
   - [ 113, 384, 0, 111. ]
   - [ 114, 204, 0, 113. ]
   - [ 115, 900, 0, 97. ]
   - [ 116, 656, 0, 107. ]
   - [ 117, 29, 0, 109. ]
   - [ 118, 1320, 0, 89. ]
   - [ 119, 712, 0, 106. ]
   - [ 120, 327, 0, 113. ]
   - [ 121, 1540, 0, 104. ]
   - [ 122, 221, 0, 104. ]
   - [ 123, 968, 0, 109. ]
   - [ 124, 43, 0, 86. ]
   - [ 125, 1386, 0, 106. ]
   - [ 126, 53, 0, 105. ]
   - [ 127, 1462, 0, 119. ]
   - [ 128, 308, 0, 108. ]
   - [ 129, 574, 0, 127. ]
   - [ 130, 153, 0, 108. ]
   - [ 131, 754, 0, 102. ]
   - [ 132, 1437, 0, 111. ]
   - [ 133, 1021, 0, 98. ]
   - [ 134, 932, 0, 112. ]
   - [ 135, 1096, 0, 118. ]
   - [ 136, 229, 0, 106. ]
   - [ 137, 949, 0, 112. ]
   - [ 138, 1096, 0, 120. ]
   - [ 139, 418, 0, 103. ]
   - [ 140, 626, 0, 88. ]
   - [ 141, 858, 0, 104. ]
   - [ 142, 977, 0, 112. ]
   - [ 143, 185, 0, 91. ]
   - [ 144, 407, 0, 111. ]
   - [ 145, 225, 0, 118. ]
   - [ 146, 945, 0, 97. ]
   - [ 147, 185, 0, 92. ]
   - [ 148, 11, 0, 95. ]
   - [ 149, 232, 0, 106. ]
   - [ 150, 60, 0, 99. ]
   - [ 151, 1144, 0, 106. ]
   - [ 152, 958, 0, 102. ]
   - [ 153, 89, 0, 101. ]
   - [ 154, 1577, 0, 129. ]
   - [ 155, 348, 0, 105. ]
   - [ 156, 278, 0, 98. ]
   - [ 157, 47, 0, 96. ]
   - [ 158, 931, 0, 111. ]
   - [ 159, 1097, 0, 113. ]
   - [ 160, 683, 0, 112. ]
   - [ 161, 936, 0, 119. ]
   - [ 162, 521, 0, 113. ]
   - [ 163, 251, 0, 97. ]
   - [ 164, 1040, 0, 99. ]
   - [ 165, 517, 0, 114. ]
   - [ 166, 1460, 0, 100. ]
   - [ 167, 208, 0, 67. ]
   - [ 168, 1117, 0, 102. ]
   - [ 169, 1533, 0, 98. ]
   - [ 170, 476, 0, 115. ]
   - [ 171, 979, 0, 112. ]
   - [ 172, 393, 0, 116. ]
   - [ 173, 583, 0, 127. ]
   - [ 174, 525, 0, 95. ]
   - [ 175, 1387, 0, 105. ]
   - [ 176, 596, 0, 123. ]
   - [ 177, 492, 0, 117. ]
   - [ 178, 480, 0, 106. ]
   - [ 179, 741, 0, 91. ]
   - [ 180, 1421, 0, 113. ]
   - [ 181, 657, 0, 101. ]
   - [ 182, 1032, 0, 112. ]
   - [ 183, 662, 0, 113. ]
   - [ 184, 457, 0, 127. ]
   - [ 185, 178, 0, 102. ]
   - [ 186, 676, 0, 120. ]
   - [ 187, 938, 0, 117. ]
   - [ 188, 1391, 0, 113. ]
   - [ 189, 110, 0, 113. ]
   - [ 190, 1437, 0, 117. ]
   - [ 191, 15, 0, 61. ]
   - [ 192, 488, 0, 111. ]
   - [ 193, 665, 0, 114. ]
   - [ 194, 1234, 0, 110. ]
   - [ 195, 161, 0, 103. ]
   - [ 196, 86, 0, 58. ]
   - [ 197, 855, 0, 64. ]
   - [ 198, 104, 0, 99. ]
   - [ 199, 123, 0, 90. ]
   - [ 200, 1224, 0, 101. ]
   - [ 201, 456, 0, 95. ]
   - [ 202, 148, 0, 62. ]
   - [ 203, 1224, 0, 96. ]
   - [ 204, 1440, 0, 107. ]
   - [ 205, 456, 0, 105. ]
   - [ 206, 739, 0, 73. ]
   - [ 207, 1223, 0, 86. ]
   - [ 208, 345, 0, 55. ]
   - [ 209, 1260, 0, 116. ]
   - [ 210, 966, 0, 93. ]
   - [ 211, 1329, 0, 69. ]
   - [ 212, 1121, 0, 103. ]
   - [ 213, 1323, 0, 76. ]
   - [ 214, 1464, 0, 86. ]
   - [ 215, 1047, 0, 86. ]
   - [ 216, 112, 0, 103. ]
   - [ 217, 111, 0, 62. ]
   - [ 218, 935, 0, 87. ]
   - [ 219, 206, 0, 96. ]
   - [ 220, 916, 0, 99. ]
   - [ 221, 775, 0, 59. ]
   - [ 222, 128, 0, 55. ]
   - [ 223, 1449, 0, 98. ]
   - [ 224, 1484, 0, 84. ]
   - [ 225, 1308, 0, 95. ]
   - [ 226, 29, 0, 101. ]
   - [ 227, 314, 0, 87. ]
   - [ 228, 243, 0, 106. ]
   - [ 229, 324, 0, 116. ]
   - [ 230, 354, 0, 96. ]
   - [ 231, 214, 0, 105. ]
   - [ 232, 1486, 0, 103. ]
   - [ 233, 246, 0, 115. ]
   - [ 234, 832, 0, 109. ]
   - [ 235, 63, 0, 122. ]
   - [ 236, 222, 0, 94. ]
   - [ 237, 1171, 0, 117. ]
   - [ 238, 960, 0, 102. ]
   - [ 239, 173, 0, 121. ]
   - [ 240, 1239, 0, 107. ]
   - [ 241, 1546, 0, 120. ]
   - [ 242, 1182, 0, 94. ]
   - [ 243, 450, 0, 117. ]
   - [ 244, 251, 0, 100. ]
   - [ 245, 1254, 0, 99. ]
   - [ 246, 1551, 0, 99. ]
   - [ 247, 851, 0, 88. ]
   - [ 248, 119, 0, 95. ]
   - [ 249, 196, 0, 105. ]
   - [ 250, 215, 0, 124. ]
   - [ 251, 1143, 0, 116. ]
   - [ 252, 258, 0, 105. ]
   - [ 253, 120, 0, 100. ]
   - [ 254, 278, 0, 103. ]
   - [ 255, 1475, 0, 122. ]
   - [ 256, 179, 0, 102. ]
   - [ 257, 1573, 0, 98. ]
   - [ 258, 1550, 0, 103. ]
   - [ 259, 28, 0, 96. ]
   - [ 260, 107, 0, 110. ]
   - [ 261, 57, 0, 108. ]
   - [ 262, 10, 0, 109. ]
   - [ 263, 1572, 0, 104. ]
   - [ 264, 106, 0, 111. ]
   - [ 265, 203, 0, 104. ]
   - [ 266, 142, 0, 102. ]
   - [ 267, 1001, 0, 106. ]
   - [ 268, 15, 0, 106. ]
   - [ 269, 1150, 0, 116. ]
   - [ 270, 265, 0, 121. ]
   - [ 271, 822, 0, 108. ]
   - [ 272, 1572, 0, 107. ]
   - [ 273, 738, 0, 118. ]
   - [ 274, 170, 0, 104. ]
   - [ 275, 260, 0, 105. ]
   - [ 276, 797, 0, 106. ]
   - [ 277, 195, 0, 104. ]
   - [ 278, 372, 0, 117. ]
   - [ 279, 69, 0, 121. ]
   - [ 280, 185, 0, 77. ]
   - [ 281, 325, 0, 101. ]
   - [ 282, 43, 0, 100. ]
   - [ 283, 544, 0, 124. ]
   - [ 284, 675, 0, 119. ]
   - [ 285, 1410, 0, 114. ]
   - [ 286, 196, 0, 100. ]
   - [ 287, 21, 0, 102. ]
   - [ 288, 203, 0, 98. ]
   - [ 289, 1386, 0, 125. ]
   - [ 290, 1001, 0, 95. ]
   - [ 291, 105, 0, 119. ]
   - [ 292, 216, 0, 114. ]
   - [ 293, 1315, 0, 95. ]
   - [ 294, 392, 0, 104. ]
   - [ 295, 1117, 0, 123. ]
   - [ 296, 208, 0, 54. ]
   - [ 297, 1064, 0, 112. ]
   - [ 298, 281, 0, 116. ]
   - [ 299, 1320, 0, 111. ]
   - [ 300, 1074, 0, 103. ]
   - [ 301, 747, 0, 65. ]
