%YAML:1.0
---
Matches:
   - [ 0, 1582, 0, 6.7475775146484375e+02 ]
   - [ 1, 126, 0, 6.5983258056640625e+02 ]
   - [ 2, 1264, 0, 4.8636715698242188e+02 ]
   - [ 3, 271, 0, 4.6567694091796875e+02 ]
   - [ 4, 346, 0, 4.1376202392578125e+02 ]
   - [ 5, 107, 0, 6.2064642333984375e+02 ]
   - [ 6, 772, 0, 6.3164862060546875e+02 ]
   - [ 7, 1450, 0, 6.4794909667968750e+02 ]
   - [ 8, 214, 0, 6.1977496337890625e+02 ]
   - [ 9, 239, 0, 5.1626153564453125e+02 ]
   - [ 10, 934, 0, 6.7922900390625000e+02 ]
   - [ 11, 234, 0, 6.4523950195312500e+02 ]
   - [ 12, 624, 0, 5.2220397949218750e+02 ]
   - [ 13, 544, 0, 6.5435693359375000e+02 ]
   - [ 14, 516, 0, 5.6798681640625000e+02 ]
   - [ 15, 195, 0, 5.5269702148437500e+02 ]
   - [ 16, 220, 0, 5.8866290283203125e+02 ]
   - [ 17, 125, 0, 5.2769500732421875e+02 ]
   - [ 18, 939, 0, 4.8992550659179688e+02 ]
   - [ 19, 565, 0, 6.1909368896484375e+02 ]
   - [ 20, 1441, 0, 5.7762792968750000e+02 ]
   - [ 21, 284, 0, 6.3723468017578125e+02 ]
   - [ 22, 1231, 0, 4.6604397583007812e+02 ]
   - [ 23, 1017, 0, 5.9969073486328125e+02 ]
   - [ 24, 936, 0, 5.0642572021484375e+02 ]
   - [ 25, 333, 0, 6.3778912353515625e+02 ]
   - [ 26, 134, 0, 5.8011376953125000e+02 ]
   - [ 27, 879, 0, 7.0511273193359375e+02 ]
   - [ 28, 1297, 0, 6.3461010742187500e+02 ]
   - [ 29, 633, 0, 6.5731652832031250e+02 ]
   - [ 30, 939, 0, 6.1422387695312500e+02 ]
   - [ 31, 672, 0, 7.0025567626953125e+02 ]
   - [ 32, 935, 0, 4.9703320312500000e+02 ]
   - [ 33, 75, 0, 6.2298956298828125e+02 ]
   - [ 34, 566, 0, 6.3888262939453125e+02 ]
   - [ 35, 270, 0, 5.3842639160156250e+02 ]
   - [ 36, 833, 0, 6.1023272705078125e+02 ]
   - [ 37, 236, 0, 7.5691345214843750e+02 ]
   - [ 38, 895, 0, 4.5849426269531250e+02 ]
   - [ 39, 1230, 0, 6.1530236816406250e+02 ]
   - [ 40, 29, 0, 6.2537829589843750e+02 ]
   - [ 41, 267, 0, 6.7564337158203125e+02 ]
   - [ 42, 702, 0, 5.5516485595703125e+02 ]
   - [ 43, 120, 0, 7.3573431396484375e+02 ]
   - [ 44, 265, 0, 6.5446313476562500e+02 ]
   - [ 45, 527, 0, 6.7383306884765625e+02 ]
   - [ 46, 144, 0, 5.2157836914062500e+02 ]
   - [ 47, 1294, 0, 5.7315270996093750e+02 ]
   - [ 48, 275, 0, 5.1826733398437500e+02 ]
   - [ 49, 861, 0, 6.5514044189453125e+02 ]
   - [ 50, 1239, 0, 5.0151770019531250e+02 ]
   - [ 51, 463, 0, 5.7578643798828125e+02 ]
   - [ 52, 13, 0, 5.2893475341796875e+02 ]
   - [ 53, 394, 0, 5.7498175048828125e+02 ]
   - [ 54, 381, 0, 4.9339031982421875e+02 ]
   - [ 55, 838, 0, 5.4300457763671875e+02 ]
   - [ 56, 899, 0, 4.8563668823242188e+02 ]
   - [ 57, 953, 0, 6.4113806152343750e+02 ]
   - [ 58, 545, 0, 6.4144366455078125e+02 ]
   - [ 59, 1317, 0, 4.8660354614257812e+02 ]
   - [ 60, 200, 0, 3.7669616699218750e+02 ]
   - [ 61, 708, 0, 5.5394677734375000e+02 ]
   - [ 62, 990, 0, 4.7573941040039062e+02 ]
   - [ 63, 639, 0, 5.4660589599609375e+02 ]
   - [ 64, 1031, 0, 5.9716583251953125e+02 ]
   - [ 65, 938, 0, 5.4488165283203125e+02 ]
   - [ 66, 899, 0, 5.4881146240234375e+02 ]
   - [ 67, 388, 0, 5.8902545166015625e+02 ]
   - [ 68, 871, 0, 5.4126702880859375e+02 ]
   - [ 69, 1464, 0, 4.4034417724609375e+02 ]
   - [ 70, 195, 0, 5.1596606445312500e+02 ]
   - [ 71, 103, 0, 4.7107748413085938e+02 ]
   - [ 72, 262, 0, 4.7623522949218750e+02 ]
   - [ 73, 945, 0, 4.7326101684570312e+02 ]
   - [ 74, 89, 0, 4.8477212524414062e+02 ]
   - [ 75, 627, 0, 5.5894989013671875e+02 ]
   - [ 76, 252, 0, 5.2398089599609375e+02 ]
   - [ 77, 128, 0, 4.0872973632812500e+02 ]
   - [ 78, 782, 0, 6.3220251464843750e+02 ]
   - [ 79, 286, 0, 4.6404632568359375e+02 ]
   - [ 80, 916, 0, 4.9006939697265625e+02 ]
   - [ 81, 1549, 0, 5.2956774902343750e+02 ]
   - [ 82, 987, 0, 4.8673709106445312e+02 ]
   - [ 83, 627, 0, 5.4677233886718750e+02 ]
   - [ 84, 125, 0, 6.9024340820312500e+02 ]
   - [ 85, 221, 0, 4.8001354980468750e+02 ]
   - [ 86, 1517, 0, 6.2968005371093750e+02 ]
   - [ 87, 243, 0, 6.0625158691406250e+02 ]
   - [ 88, 1170, 0, 6.6837341308593750e+02 ]
   - [ 89, 324, 0, 5.9398229980468750e+02 ]
   - [ 90, 1231, 0, 5.8064880371093750e+02 ]
   - [ 91, 1162, 0, 6.3866503906250000e+02 ]
   - [ 92, 738, 0, 5.1761859130859375e+02 ]
   - [ 93, 1499, 0, 6.5080487060546875e+02 ]
   - [ 94, 260, 0, 5.6961041259765625e+02 ]
   - [ 95, 461, 0, 7.2536199951171875e+02 ]
   - [ 96, 1034, 0, 5.6639294433593750e+02 ]
   - [ 97, 672, 0, 6.6092205810546875e+02 ]
   - [ 98, 820, 0, 6.2641918945312500e+02 ]
   - [ 99, 970, 0, 6.7439971923828125e+02 ]
   - [ 100, 55, 0, 5.1132669067382812e+02 ]
   - [ 101, 769, 0, 5.8577130126953125e+02 ]
   - [ 102, 453, 0, 6.4231457519531250e+02 ]
   - [ 103, 278, 0, 5.1277966308593750e+02 ]
   - [ 104, 1074, 0, 7.3894927978515625e+02 ]
   - [ 105, 1302, 0, 6.0041070556640625e+02 ]
   - [ 106, 257, 0, 5.2761822509765625e+02 ]
   - [ 107, 541, 0, 5.8596844482421875e+02 ]
   - [ 108, 1180, 0, 6.7233624267578125e+02 ]
   - [ 109, 1329, 0, 6.0862963867187500e+02 ]
   - [ 110, 656, 0, 6.8303002929687500e+02 ]
   - [ 111, 83, 0, 5.4638629150390625e+02 ]
   - [ 112, 1144, 0, 5.8832983398437500e+02 ]
   - [ 113, 1172, 0, 7.3246777343750000e+02 ]
   - [ 114, 1413, 0, 6.9483666992187500e+02 ]
   - [ 115, 181, 0, 5.7657525634765625e+02 ]
   - [ 116, 255, 0, 5.2699902343750000e+02 ]
   - [ 117, 1548, 0, 6.4829699707031250e+02 ]
   - [ 118, 769, 0, 4.3848260498046875e+02 ]
   - [ 119, 1480, 0, 6.8037487792968750e+02 ]
   - [ 120, 1390, 0, 7.4801202392578125e+02 ]
   - [ 121, 1015, 0, 6.7083825683593750e+02 ]
   - [ 122, 639, 0, 6.6187536621093750e+02 ]
   - [ 123, 260, 0, 7.2773004150390625e+02 ]
   - [ 124, 1110, 0, 5.9460321044921875e+02 ]
   - [ 125, 45, 0, 6.5338580322265625e+02 ]
   - [ 126, 169, 0, 5.3138403320312500e+02 ]
   - [ 127, 1129, 0, 6.7590307617187500e+02 ]
   - [ 128, 194, 0, 6.1649896240234375e+02 ]
   - [ 129, 1106, 0, 5.7007458496093750e+02 ]
   - [ 130, 1074, 0, 6.6224841308593750e+02 ]
   - [ 131, 1394, 0, 6.4331719970703125e+02 ]
   - [ 132, 1080, 0, 7.3100817871093750e+02 ]
   - [ 133, 846, 0, 6.6352770996093750e+02 ]
   - [ 134, 60, 0, 5.8562701416015625e+02 ]
   - [ 135, 686, 0, 6.2292938232421875e+02 ]
   - [ 136, 769, 0, 5.6724597167968750e+02 ]
   - [ 137, 1048, 0, 6.1106707763671875e+02 ]
   - [ 138, 617, 0, 5.9893908691406250e+02 ]
   - [ 139, 1027, 0, 6.8115051269531250e+02 ]
   - [ 140, 45, 0, 4.8180389404296875e+02 ]
   - [ 141, 1111, 0, 6.9268029785156250e+02 ]
   - [ 142, 75, 0, 6.9193859863281250e+02 ]
   - [ 143, 1448, 0, 5.4396142578125000e+02 ]
   - [ 144, 901, 0, 7.2500207519531250e+02 ]
   - [ 145, 382, 0, 6.7381231689453125e+02 ]
   - [ 146, 1122, 0, 6.0412664794921875e+02 ]
   - [ 147, 330, 0, 5.3901391601562500e+02 ]
   - [ 148, 656, 0, 6.2868670654296875e+02 ]
   - [ 149, 900, 0, 6.2717938232421875e+02 ]
   - [ 150, 281, 0, 5.3297094726562500e+02 ]
   - [ 151, 1144, 0, 5.9120300292968750e+02 ]
   - [ 152, 958, 0, 6.2555334472656250e+02 ]
   - [ 153, 1007, 0, 5.6266064453125000e+02 ]
   - [ 154, 1398, 0, 8.0819116210937500e+02 ]
   - [ 155, 511, 0, 6.5986511230468750e+02 ]
   - [ 156, 278, 0, 5.7814532470703125e+02 ]
   - [ 157, 47, 0, 5.6720721435546875e+02 ]
   - [ 158, 317, 0, 5.9996752929687500e+02 ]
   - [ 159, 1097, 0, 7.2780700683593750e+02 ]
   - [ 160, 1161, 0, 5.7827416992187500e+02 ]
   - [ 161, 573, 0, 6.7733593750000000e+02 ]
   - [ 162, 228, 0, 6.0181475830078125e+02 ]
   - [ 163, 951, 0, 5.7675988769531250e+02 ]
   - [ 164, 1146, 0, 5.7404614257812500e+02 ]
   - [ 165, 517, 0, 6.6433349609375000e+02 ]
   - [ 166, 107, 0, 6.8064819335937500e+02 ]
   - [ 167, 258, 0, 4.4420602416992188e+02 ]
   - [ 168, 1130, 0, 6.0817102050781250e+02 ]
   - [ 169, 834, 0, 5.7416894531250000e+02 ]
   - [ 170, 476, 0, 5.7008422851562500e+02 ]
   - [ 171, 47, 0, 6.0309783935546875e+02 ]
   - [ 172, 1144, 0, 6.3069799804687500e+02 ]
   - [ 173, 585, 0, 6.1859759521484375e+02 ]
   - [ 174, 834, 0, 4.8614813232421875e+02 ]
   - [ 175, 1141, 0, 5.3858331298828125e+02 ]
   - [ 176, 236, 0, 6.6195697021484375e+02 ]
   - [ 177, 1400, 0, 7.1354187011718750e+02 ]
