%YAML:1.0
---
Matches:
   - [ 0, 962, 0, 3609. ]
   - [ 1, 780, 0, 3525. ]
   - [ 2, 1264, 0, 2069. ]
   - [ 3, 271, 0, 2389. ]
   - [ 4, 346, 0, 1599. ]
   - [ 5, 708, 0, 3183. ]
   - [ 6, 772, 0, 3630. ]
   - [ 7, 897, 0, 3215. ]
   - [ 8, 214, 0, 2993. ]
   - [ 9, 239, 0, 2074. ]
   - [ 10, 934, 0, 3226. ]
   - [ 11, 234, 0, 3262. ]
   - [ 12, 624, 0, 2641. ]
   - [ 13, 544, 0, 3451. ]
   - [ 14, 516, 0, 2777. ]
   - [ 15, 195, 0, 2734. ]
   - [ 16, 220, 0, 2774. ]
   - [ 17, 125, 0, 2430. ]
   - [ 18, 939, 0, 2405. ]
   - [ 19, 142, 0, 3262. ]
   - [ 20, 1441, 0, 3072. ]
   - [ 21, 68, 0, 3509. ]
   - [ 22, 1231, 0, 2179. ]
   - [ 23, 1017, 0, 3099. ]
   - [ 24, 936, 0, 2757. ]
   - [ 25, 333, 0, 3387. ]
   - [ 26, 134, 0, 3204. ]
   - [ 27, 879, 0, 3948. ]
   - [ 28, 1297, 0, 3202. ]
   - [ 29, 1551, 0, 3661. ]
   - [ 30, 939, 0, 2837. ]
   - [ 31, 672, 0, 3732. ]
   - [ 32, 935, 0, 2522. ]
   - [ 33, 75, 0, 3344. ]
   - [ 34, 161, 0, 2984. ]
   - [ 35, 940, 0, 2680. ]
   - [ 36, 555, 0, 3177. ]
   - [ 37, 463, 0, 4104. ]
   - [ 38, 895, 0, 1709. ]
   - [ 39, 1230, 0, 3141. ]
   - [ 40, 29, 0, 3256. ]
   - [ 41, 267, 0, 3478. ]
   - [ 42, 702, 0, 2756. ]
   - [ 43, 657, 0, 3906. ]
   - [ 44, 107, 0, 3380. ]
   - [ 45, 685, 0, 3647. ]
   - [ 46, 144, 0, 2198. ]
   - [ 47, 1294, 0, 2990. ]
   - [ 48, 275, 0, 2379. ]
   - [ 49, 861, 0, 3357. ]
   - [ 50, 841, 0, 1921. ]
   - [ 51, 463, 0, 3006. ]
   - [ 52, 13, 0, 2228. ]
   - [ 53, 295, 0, 2662. ]
   - [ 54, 381, 0, 2246. ]
   - [ 55, 346, 0, 2457. ]
   - [ 56, 392, 0, 2030. ]
   - [ 57, 511, 0, 3133. ]
   - [ 58, 261, 0, 3029. ]
   - [ 59, 1317, 0, 2289. ]
   - [ 60, 200, 0, 1250. ]
   - [ 61, 764, 0, 2428. ]
   - [ 62, 990, 0, 2306. ]
   - [ 63, 639, 0, 3052. ]
   - [ 64, 1031, 0, 2967. ]
   - [ 65, 938, 0, 2530. ]
   - [ 66, 190, 0, 2401. ]
   - [ 67, 966, 0, 3237. ]
   - [ 68, 1323, 0, 2395. ]
   - [ 69, 1464, 0, 1807. ]
   - [ 70, 769, 0, 2378. ]
   - [ 71, 103, 0, 1834. ]
   - [ 72, 716, 0, 2136. ]
   - [ 73, 935, 0, 2163. ]
   - [ 74, 885, 0, 1884. ]
   - [ 75, 8, 0, 2933. ]
   - [ 76, 227, 0, 2327. ]
   - [ 77, 128, 0, 1436. ]
   - [ 78, 260, 0, 3210. ]
   - [ 79, 823, 0, 2129. ]
   - [ 80, 916, 0, 2146. ]
   - [ 81, 1549, 0, 2808. ]
   - [ 82, 1034, 0, 2240. ]
   - [ 83, 83, 0, 2717. ]
   - [ 84, 125, 0, 3470. ]
   - [ 85, 221, 0, 2167. ]
   - [ 86, 1048, 0, 3247. ]
   - [ 87, 260, 0, 3188. ]
   - [ 88, 1170, 0, 3739. ]
   - [ 89, 324, 0, 2965. ]
   - [ 90, 714, 0, 2866. ]
   - [ 91, 553, 0, 3537. ]
   - [ 92, 738, 0, 2479. ]
   - [ 93, 1275, 0, 3332. ]
   - [ 94, 260, 0, 2914. ]
   - [ 95, 461, 0, 3624. ]
   - [ 96, 1034, 0, 2501. ]
   - [ 97, 672, 0, 3630. ]
   - [ 98, 405, 0, 3445. ]
   - [ 99, 970, 0, 3833. ]
   - [ 100, 55, 0, 2689. ]
   - [ 101, 769, 0, 2864. ]
   - [ 102, 453, 0, 3506. ]
   - [ 103, 278, 0, 2629. ]
   - [ 104, 1074, 0, 4132. ]
   - [ 105, 745, 0, 2920. ]
   - [ 106, 900, 0, 2508. ]
   - [ 107, 541, 0, 3379. ]
   - [ 108, 1180, 0, 3504. ]
   - [ 109, 1329, 0, 3166. ]
   - [ 110, 656, 0, 3706. ]
   - [ 111, 83, 0, 2612. ]
   - [ 112, 1144, 0, 3198. ]
   - [ 113, 1144, 0, 3775. ]
   - [ 114, 1410, 0, 4024. ]
   - [ 115, 900, 0, 2871. ]
   - [ 116, 255, 0, 3110. ]
   - [ 117, 52, 0, 3435. ]
   - [ 118, 769, 0, 2303. ]
   - [ 119, 1480, 0, 3492. ]
   - [ 120, 1390, 0, 4158. ]
   - [ 121, 1015, 0, 3682. ]
   - [ 122, 639, 0, 3621. ]
   - [ 123, 260, 0, 3807. ]
   - [ 124, 43, 0, 2691. ]
   - [ 125, 1460, 0, 3652. ]
   - [ 126, 169, 0, 2803. ]
   - [ 127, 1129, 0, 3637. ]
   - [ 128, 194, 0, 3459. ]
   - [ 129, 1106, 0, 3139. ]
   - [ 130, 1074, 0, 3639. ]
   - [ 131, 754, 0, 3240. ]
   - [ 132, 1080, 0, 4021. ]
   - [ 133, 846, 0, 3687. ]
   - [ 134, 60, 0, 3137. ]
   - [ 135, 1194, 0, 3455. ]
   - [ 136, 918, 0, 2878. ]
   - [ 137, 1048, 0, 3331. ]
   - [ 138, 617, 0, 3280. ]
   - [ 139, 418, 0, 3582. ]
   - [ 140, 45, 0, 2585. ]
   - [ 141, 1111, 0, 3924. ]
   - [ 142, 75, 0, 3773. ]
   - [ 143, 1448, 0, 2636. ]
   - [ 144, 381, 0, 3751. ]
   - [ 145, 679, 0, 3919. ]
   - [ 146, 1122, 0, 3239. ]
   - [ 147, 330, 0, 2912. ]
   - [ 148, 1387, 0, 3329. ]
   - [ 149, 84, 0, 3237. ]
   - [ 150, 281, 0, 2534. ]
   - [ 151, 1144, 0, 3089. ]
   - [ 152, 958, 0, 3321. ]
   - [ 153, 1007, 0, 2905. ]
   - [ 154, 1398, 0, 4597. ]
   - [ 155, 974, 0, 3228. ]
   - [ 156, 1329, 0, 2871. ]
   - [ 157, 47, 0, 3068. ]
   - [ 158, 317, 0, 3311. ]
   - [ 159, 106, 0, 3997. ]
   - [ 160, 1161, 0, 3301. ]
   - [ 161, 1517, 0, 3949. ]
   - [ 162, 1062, 0, 3340. ]
   - [ 163, 251, 0, 2827. ]
   - [ 164, 1122, 0, 2972. ]
   - [ 165, 937, 0, 3621. ]
   - [ 166, 1460, 0, 3487. ]
   - [ 167, 258, 0, 2099. ]
   - [ 168, 1130, 0, 3252. ]
   - [ 169, 834, 0, 3088. ]
   - [ 170, 690, 0, 2820. ]
   - [ 171, 47, 0, 3341. ]
   - [ 172, 1144, 0, 3588. ]
   - [ 173, 585, 0, 3485. ]
   - [ 174, 834, 0, 2550. ]
   - [ 175, 1141, 0, 2974. ]
   - [ 176, 541, 0, 3608. ]
   - [ 177, 1079, 0, 3972. ]
   - [ 178, 548, 0, 3840. ]
   - [ 179, 974, 0, 2846. ]
   - [ 180, 1421, 0, 3228. ]
   - [ 181, 657, 0, 3355. ]
   - [ 182, 382, 0, 3065. ]
   - [ 183, 71, 0, 3986. ]
   - [ 184, 457, 0, 4180. ]
   - [ 185, 178, 0, 3802. ]
   - [ 186, 421, 0, 3969. ]
   - [ 187, 214, 0, 4231. ]
   - [ 188, 1074, 0, 3367. ]
   - [ 189, 884, 0, 3695. ]
   - [ 190, 462, 0, 3779. ]
   - [ 191, 13, 0, 2098. ]
   - [ 192, 178, 0, 3586. ]
   - [ 193, 1146, 0, 3373. ]
   - [ 194, 1305, 0, 3422. ]
   - [ 195, 808, 0, 3363. ]
   - [ 196, 933, 0, 2417. ]
   - [ 197, 855, 0, 1851. ]
   - [ 198, 75, 0, 3389. ]
   - [ 199, 699, 0, 3532. ]
   - [ 200, 701, 0, 3544. ]
   - [ 201, 867, 0, 3038. ]
   - [ 202, 1272, 0, 2089. ]
   - [ 203, 1078, 0, 3410. ]
   - [ 204, 1242, 0, 3405. ]
   - [ 205, 456, 0, 3395. ]
   - [ 206, 859, 0, 2506. ]
   - [ 207, 1442, 0, 2526. ]
   - [ 208, 59, 0, 1718. ]
   - [ 209, 1544, 0, 3732. ]
   - [ 210, 963, 0, 2309. ]
   - [ 211, 1329, 0, 2595. ]
   - [ 212, 856, 0, 3020. ]
   - [ 213, 932, 0, 2371. ]
   - [ 214, 979, 0, 2589. ]
   - [ 215, 1245, 0, 2260. ]
   - [ 216, 88, 0, 3212. ]
   - [ 217, 835, 0, 2167. ]
   - [ 218, 935, 0, 2681. ]
   - [ 219, 206, 0, 2781. ]
   - [ 220, 930, 0, 2998. ]
   - [ 221, 863, 0, 1988. ]
   - [ 222, 128, 0, 1807. ]
   - [ 223, 1244, 0, 3131. ]
   - [ 224, 1484, 0, 2205. ]
   - [ 225, 260, 0, 2462. ]
   - [ 226, 220, 0, 3526. ]
   - [ 227, 225, 0, 2582. ]
   - [ 228, 243, 0, 2880. ]
   - [ 229, 1389, 0, 3615. ]
   - [ 230, 1359, 0, 3213. ]
   - [ 231, 344, 0, 3783. ]
   - [ 232, 1083, 0, 3176. ]
   - [ 233, 371, 0, 3020. ]
   - [ 234, 1243, 0, 3774. ]
   - [ 235, 984, 0, 4168. ]
   - [ 236, 202, 0, 2693. ]
   - [ 237, 1390, 0, 3785. ]
   - [ 238, 1029, 0, 2800. ]
   - [ 239, 1253, 0, 3851. ]
   - [ 240, 1463, 0, 3360. ]
   - [ 241, 1551, 0, 3843. ]
   - [ 242, 1471, 0, 2714. ]
   - [ 243, 1144, 0, 3702. ]
   - [ 244, 795, 0, 3083. ]
   - [ 245, 308, 0, 3658. ]
   - [ 246, 1551, 0, 2667. ]
   - [ 247, 554, 0, 2915. ]
   - [ 248, 1477, 0, 3041. ]
   - [ 249, 196, 0, 3385. ]
   - [ 250, 215, 0, 3966. ]
   - [ 251, 1143, 0, 3823. ]
   - [ 252, 888, 0, 3140. ]
   - [ 253, 120, 0, 3460. ]
   - [ 254, 270, 0, 3451. ]
   - [ 255, 1475, 0, 4417. ]
   - [ 256, 179, 0, 2927. ]
   - [ 257, 626, 0, 3642. ]
   - [ 258, 1550, 0, 3088. ]
   - [ 259, 795, 0, 3282. ]
   - [ 260, 212, 0, 3631. ]
   - [ 261, 57, 0, 3727. ]
   - [ 262, 354, 0, 3070. ]
   - [ 263, 592, 0, 3317. ]
   - [ 264, 361, 0, 3883. ]
   - [ 265, 203, 0, 3287. ]
   - [ 266, 255, 0, 3791. ]
   - [ 267, 1285, 0, 3098. ]
   - [ 268, 147, 0, 3668. ]
   - [ 269, 1146, 0, 3694. ]
   - [ 270, 1043, 0, 4031. ]
   - [ 271, 662, 0, 3806. ]
   - [ 272, 692, 0, 3317. ]
   - [ 273, 155, 0, 3901. ]
   - [ 274, 170, 0, 3431. ]
   - [ 275, 1375, 0, 3364. ]
   - [ 276, 797, 0, 3638. ]
   - [ 277, 195, 0, 3182. ]
   - [ 278, 372, 0, 3954. ]
   - [ 279, 1097, 0, 4168. ]
   - [ 280, 185, 0, 2663. ]
   - [ 281, 142, 0, 3322. ]
   - [ 282, 43, 0, 2721. ]
   - [ 283, 450, 0, 4250. ]
   - [ 284, 675, 0, 4165. ]
   - [ 285, 707, 0, 3984. ]
