%YAML:1.0
---
Matches:
   - [ 0, 93, 0, 3.8518863916397095e-01 ]
   - [ 1, 406, 0, 5.0500595569610596e-01 ]
   - [ 2, 432, 0, 4.9501505494117737e-01 ]
   - [ 3, 827, 0, 6.0145610570907593e-01 ]
   - [ 4, 411, 0, 5.3469324111938477e-01 ]
   - [ 5, 405, 0, 5.7142752408981323e-01 ]
   - [ 6, 742, 0, 3.9938205480575562e-01 ]
   - [ 7, 394, 0, 5.4926395416259766e-01 ]
   - [ 8, 397, 0, 5.5048185586929321e-01 ]
   - [ 9, 127, 0, 4.0392780303955078e-01 ]
   - [ 10, 583, 0, 5.3341317176818848e-01 ]
   - [ 11, 241, 0, 4.0162059664726257e-01 ]
   - [ 12, 790, 0, 4.1336074471473694e-01 ]
   - [ 13, 257, 0, 5.9226763248443604e-01 ]
   - [ 14, 932, 0, 5.4394447803497314e-01 ]
   - [ 15, 1377, 0, 4.8400574922561646e-01 ]
   - [ 16, 221, 0, 4.7487670183181763e-01 ]
   - [ 17, 1108, 0, 4.5370522141456604e-01 ]
   - [ 18, 206, 0, 4.1430830955505371e-01 ]
   - [ 19, 1067, 0, 4.7143206000328064e-01 ]
   - [ 20, 511, 0, 5.2513784170150757e-01 ]
   - [ 21, 1091, 0, 5.7819068431854248e-01 ]
   - [ 22, 1226, 0, 4.7999933362007141e-01 ]
   - [ 23, 1051, 0, 4.4436252117156982e-01 ]
   - [ 24, 1101, 0, 4.5091351866722107e-01 ]
   - [ 25, 119, 0, 4.4960105419158936e-01 ]
   - [ 26, 207, 0, 4.5168697834014893e-01 ]
   - [ 27, 943, 0, 5.2741968631744385e-01 ]
   - [ 28, 196, 0, 5.1074916124343872e-01 ]
   - [ 29, 1107, 0, 5.5311495065689087e-01 ]
   - [ 30, 1231, 0, 6.7655068635940552e-01 ]
   - [ 31, 907, 0, 5.4517722129821777e-01 ]
   - [ 32, 441, 0, 5.0061511993408203e-01 ]
   - [ 33, 228, 0, 4.5266029238700867e-01 ]
   - [ 34, 817, 0, 5.3591793775558472e-01 ]
   - [ 35, 205, 0, 4.3291816115379333e-01 ]
   - [ 36, 203, 0, 2.7711099386215210e-01 ]
   - [ 37, 139, 0, 4.9770501255989075e-01 ]
   - [ 38, 511, 0, 5.6610846519470215e-01 ]
   - [ 39, 514, 0, 3.9960387349128723e-01 ]
   - [ 40, 514, 0, 4.6604719758033752e-01 ]
   - [ 41, 1078, 0, 4.4822517037391663e-01 ]
   - [ 42, 1083, 0, 4.0783649682998657e-01 ]
   - [ 43, 1101, 0, 4.1819527745246887e-01 ]
   - [ 44, 227, 0, 4.2218998074531555e-01 ]
   - [ 45, 105, 0, 5.5934602022171021e-01 ]
   - [ 46, 900, 0, 4.4042435288429260e-01 ]
   - [ 47, 233, 0, 6.0728400945663452e-01 ]
   - [ 48, 202, 0, 4.3444508314132690e-01 ]
   - [ 49, 235, 0, 7.0489543676376343e-01 ]
   - [ 50, 363, 0, 4.1306671500205994e-01 ]
   - [ 51, 354, 0, 4.7116506099700928e-01 ]
   - [ 52, 701, 0, 3.0702152848243713e-01 ]
   - [ 53, 411, 0, 5.2765536308288574e-01 ]
   - [ 54, 420, 0, 5.4183208942413330e-01 ]
   - [ 55, 871, 0, 5.8389949798583984e-01 ]
   - [ 56, 1084, 0, 5.0855320692062378e-01 ]
   - [ 57, 1099, 0, 5.5017507076263428e-01 ]
   - [ 58, 239, 0, 5.4432809352874756e-01 ]
   - [ 59, 871, 0, 5.5449312925338745e-01 ]
   - [ 60, 1364, 0, 5.2339470386505127e-01 ]
   - [ 61, 813, 0, 4.6656528115272522e-01 ]
   - [ 62, 85, 0, 3.5079982876777649e-01 ]
   - [ 63, 44, 0, 5.7913970947265625e-01 ]
   - [ 64, 1223, 0, 4.5462894439697266e-01 ]
   - [ 65, 13, 0, 2.7344495058059692e-01 ]
   - [ 66, 257, 0, 5.8920824527740479e-01 ]
   - [ 67, 1220, 0, 5.5612385272979736e-01 ]
   - [ 68, 816, 0, 2.5556513667106628e-01 ]
   - [ 69, 155, 0, 5.0407785177230835e-01 ]
   - [ 70, 909, 0, 3.5695418715476990e-01 ]
   - [ 71, 99, 0, 5.2498215436935425e-01 ]
   - [ 72, 50, 0, 5.2009224891662598e-01 ]
   - [ 73, 158, 0, 5.0587695837020874e-01 ]
   - [ 74, 228, 0, 5.3036928176879883e-01 ]
   - [ 75, 1107, 0, 5.0082933902740479e-01 ]
   - [ 76, 932, 0, 4.6701961755752563e-01 ]
   - [ 77, 281, 0, 4.9433830380439758e-01 ]
   - [ 78, 281, 0, 5.3790485858917236e-01 ]
   - [ 79, 68, 0, 4.8831176757812500e-01 ]
   - [ 80, 1108, 0, 4.9153757095336914e-01 ]
   - [ 81, 1083, 0, 5.3119891881942749e-01 ]
   - [ 82, 158, 0, 4.8665109276771545e-01 ]
   - [ 83, 1343, 0, 5.5639803409576416e-01 ]
   - [ 84, 409, 0, 4.5238998532295227e-01 ]
   - [ 85, 403, 0, 4.2672389745712280e-01 ]
   - [ 86, 170, 0, 4.8688036203384399e-01 ]
   - [ 87, 871, 0, 5.6518936157226562e-01 ]
   - [ 88, 146, 0, 4.2380040884017944e-01 ]
   - [ 89, 132, 0, 3.5835316777229309e-01 ]
   - [ 90, 1052, 0, 4.6468296647071838e-01 ]
   - [ 91, 119, 0, 4.4713202118873596e-01 ]
   - [ 92, 196, 0, 4.7364652156829834e-01 ]
   - [ 93, 104, 0, 3.7769246101379395e-01 ]
   - [ 94, 826, 0, 4.1791120171546936e-01 ]
   - [ 95, 817, 0, 4.1955775022506714e-01 ]
   - [ 96, 1107, 0, 5.0821077823638916e-01 ]
   - [ 97, 826, 0, 3.9630806446075439e-01 ]
   - [ 98, 141, 0, 4.0022730827331543e-01 ]
   - [ 99, 603, 0, 4.8394906520843506e-01 ]
   - [ 100, 119, 0, 4.0405556559562683e-01 ]
   - [ 101, 99, 0, 4.3280512094497681e-01 ]
   - [ 102, 826, 0, 3.9465874433517456e-01 ]
   - [ 103, 133, 0, 3.9312282204627991e-01 ]
   - [ 104, 170, 0, 4.3700742721557617e-01 ]
   - [ 105, 170, 0, 3.8739237189292908e-01 ]
   - [ 106, 826, 0, 4.4501388072967529e-01 ]
   - [ 107, 133, 0, 4.0792161226272583e-01 ]
   - [ 108, 853, 0, 4.3683987855911255e-01 ]
   - [ 109, 185, 0, 3.6721724271774292e-01 ]
   - [ 110, 1434, 0, 5.2952492237091064e-01 ]
   - [ 111, 179, 0, 3.5337918996810913e-01 ]
   - [ 112, 179, 0, 3.3848401904106140e-01 ]
   - [ 113, 853, 0, 4.8617237806320190e-01 ]
   - [ 114, 1226, 0, 4.7408479452133179e-01 ]
   - [ 115, 196, 0, 3.8379940390586853e-01 ]
   - [ 116, 644, 0, 3.8873338699340820e-01 ]
   - [ 117, 221, 0, 4.5099967718124390e-01 ]
   - [ 118, 196, 0, 3.6729988455772400e-01 ]
   - [ 119, 269, 0, 3.6681443452835083e-01 ]
   - [ 120, 269, 0, 4.0280923247337341e-01 ]
   - [ 121, 170, 0, 3.4196624159812927e-01 ]
   - [ 122, 205, 0, 4.0420132875442505e-01 ]
   - [ 123, 170, 0, 3.5027509927749634e-01 ]
   - [ 124, 171, 0, 4.5369473099708557e-01 ]
   - [ 125, 853, 0, 4.7742390632629395e-01 ]
   - [ 126, 1077, 0, 5.0075602531433105e-01 ]
   - [ 127, 185, 0, 4.0255430340766907e-01 ]
   - [ 128, 853, 0, 4.8009166121482849e-01 ]
   - [ 129, 132, 0, 4.8302331566810608e-01 ]
   - [ 130, 259, 0, 4.2702436447143555e-01 ]
   - [ 131, 133, 0, 4.8899078369140625e-01 ]
   - [ 132, 94, 0, 3.8442215323448181e-01 ]
   - [ 133, 277, 0, 3.9973297715187073e-01 ]
   - [ 134, 185, 0, 3.7413358688354492e-01 ]
   - [ 135, 627, 0, 4.1835901141166687e-01 ]
   - [ 136, 1099, 0, 5.3157484531402588e-01 ]
   - [ 137, 224, 0, 5.7706624269485474e-01 ]
   - [ 138, 185, 0, 3.7957051396369934e-01 ]
   - [ 139, 179, 0, 4.3195408582687378e-01 ]
   - [ 140, 196, 0, 4.3578457832336426e-01 ]
   - [ 141, 853, 0, 6.3510203361511230e-01 ]
   - [ 142, 158, 0, 4.8026859760284424e-01 ]
   - [ 143, 196, 0, 3.5017481446266174e-01 ]
   - [ 144, 228, 0, 3.3896914124488831e-01 ]
   - [ 145, 205, 0, 3.8545823097229004e-01 ]
   - [ 146, 218, 0, 4.3906795978546143e-01 ]
   - [ 147, 228, 0, 3.4849485754966736e-01 ]
   - [ 148, 218, 0, 4.8198553919792175e-01 ]
   - [ 149, 890, 0, 3.8404747843742371e-01 ]
   - [ 150, 105, 0, 4.0020027756690979e-01 ]
   - [ 151, 1371, 0, 5.2974611520767212e-01 ]
   - [ 152, 801, 0, 3.9647382497787476e-01 ]
   - [ 153, 890, 0, 3.9212504029273987e-01 ]
   - [ 154, 208, 0, 4.3051055073738098e-01 ]
   - [ 155, 1223, 0, 5.3385585546493530e-01 ]
   - [ 156, 257, 0, 4.4294676184654236e-01 ]
   - [ 157, 194, 0, 4.1632157564163208e-01 ]
   - [ 158, 210, 0, 3.6455079913139343e-01 ]
   - [ 159, 890, 0, 4.2338168621063232e-01 ]
   - [ 160, 1231, 0, 5.1221585273742676e-01 ]
   - [ 161, 808, 0, 4.0837225317955017e-01 ]
   - [ 162, 196, 0, 4.0310969948768616e-01 ]
   - [ 163, 1078, 0, 4.5291277766227722e-01 ]
   - [ 164, 542, 0, 5.0359350442886353e-01 ]
   - [ 165, 909, 0, 5.4327839612960815e-01 ]
   - [ 166, 119, 0, 4.4223102927207947e-01 ]
   - [ 167, 94, 0, 4.0341827273368835e-01 ]
   - [ 168, 179, 0, 3.6967483162879944e-01 ]
   - [ 169, 796, 0, 4.2035028338432312e-01 ]
   - [ 170, 155, 0, 5.7735520601272583e-01 ]
   - [ 171, 257, 0, 4.6592459082603455e-01 ]
   - [ 172, 257, 0, 3.8283920288085938e-01 ]
   - [ 173, 796, 0, 4.1750732064247131e-01 ]
   - [ 174, 257, 0, 4.7043508291244507e-01 ]
   - [ 175, 1091, 0, 4.1170540452003479e-01 ]
   - [ 176, 269, 0, 3.3609357476234436e-01 ]
   - [ 177, 1040, 0, 4.1481244564056396e-01 ]
   - [ 178, 194, 0, 4.2099922895431519e-01 ]
