%YAML:1.0
---
Matches:
   - [ 0, 693, 0, 2.3757162094116211e+00 ]
   - [ 1, 406, 0, 3.1625039577484131e+00 ]
   - [ 2, 432, 0, 3.3646726608276367e+00 ]
   - [ 3, 783, 0, 3.5860750675201416e+00 ]
   - [ 4, 412, 0, 3.2761926651000977e+00 ]
   - [ 5, 432, 0, 3.5385956764221191e+00 ]
   - [ 6, 93, 0, 2.2473731040954590e+00 ]
   - [ 7, 397, 0, 3.5531024932861328e+00 ]
   - [ 8, 777, 0, 3.2517926692962646e+00 ]
   - [ 9, 127, 0, 2.2698249816894531e+00 ]
   - [ 10, 777, 0, 3.0452809333801270e+00 ]
   - [ 11, 13, 0, 2.3268325328826904e+00 ]
   - [ 12, 181, 0, 2.6149950027465820e+00 ]
   - [ 13, 895, 0, 3.5889678001403809e+00 ]
   - [ 14, 932, 0, 3.1028373241424561e+00 ]
   - [ 15, 1377, 0, 3.1198692321777344e+00 ]
   - [ 16, 221, 0, 2.6892805099487305e+00 ]
   - [ 17, 1108, 0, 2.7763285636901855e+00 ]
   - [ 18, 206, 0, 2.4437117576599121e+00 ]
   - [ 19, 1067, 0, 2.7620763778686523e+00 ]
   - [ 20, 881, 0, 3.3715019226074219e+00 ]
   - [ 21, 1067, 0, 3.6778931617736816e+00 ]
   - [ 22, 1226, 0, 2.8943004608154297e+00 ]
   - [ 23, 1051, 0, 2.7350502014160156e+00 ]
   - [ 24, 146, 0, 2.7636072635650635e+00 ]
   - [ 25, 853, 0, 2.7311410903930664e+00 ]
   - [ 26, 207, 0, 2.8289628028869629e+00 ]
   - [ 27, 627, 0, 3.4209237098693848e+00 ]
   - [ 28, 196, 0, 2.9337134361267090e+00 ]
   - [ 29, 221, 0, 3.5472202301025391e+00 ]
   - [ 30, 909, 0, 3.7860512733459473e+00 ]
   - [ 31, 897, 0, 3.1717524528503418e+00 ]
   - [ 32, 160, 0, 3.0428318977355957e+00 ]
   - [ 33, 228, 0, 2.6249291896820068e+00 ]
   - [ 34, 871, 0, 3.2878127098083496e+00 ]
   - [ 35, 205, 0, 2.6487281322479248e+00 ]
   - [ 36, 203, 0, 1.4846704006195068e+00 ]
   - [ 37, 419, 0, 3.0477213859558105e+00 ]
   - [ 38, 205, 0, 3.6912734508514404e+00 ]
   - [ 39, 514, 0, 2.4846456050872803e+00 ]
   - [ 40, 514, 0, 2.7978844642639160e+00 ]
   - [ 41, 1078, 0, 2.6835844516754150e+00 ]
   - [ 42, 158, 0, 2.4649150371551514e+00 ]
   - [ 43, 146, 0, 2.4752955436706543e+00 ]
   - [ 44, 210, 0, 2.4794898033142090e+00 ]
   - [ 45, 801, 0, 3.5610547065734863e+00 ]
   - [ 46, 203, 0, 2.6691145896911621e+00 ]
   - [ 47, 233, 0, 3.4477396011352539e+00 ]
   - [ 48, 147, 0, 2.3714876174926758e+00 ]
   - [ 49, 235, 0, 4.1726713180541992e+00 ]
   - [ 50, 363, 0, 2.5478982925415039e+00 ]
   - [ 51, 354, 0, 3.1714615821838379e+00 ]
   - [ 52, 701, 0, 1.8943955898284912e+00 ]
   - [ 53, 411, 0, 3.2595598697662354e+00 ]
   - [ 54, 790, 0, 3.1353147029876709e+00 ]
   - [ 55, 809, 0, 3.7905492782592773e+00 ]
   - [ 56, 1084, 0, 3.4047193527221680e+00 ]
   - [ 57, 1066, 0, 3.4386205673217773e+00 ]
   - [ 58, 1084, 0, 3.3322997093200684e+00 ]
   - [ 59, 870, 0, 3.4855885505676270e+00 ]
   - [ 60, 1364, 0, 3.1954796314239502e+00 ]
   - [ 61, 813, 0, 3.0419421195983887e+00 ]
   - [ 62, 85, 0, 1.8804918527603149e+00 ]
   - [ 63, 47, 0, 3.6650209426879883e+00 ]
   - [ 64, 1223, 0, 2.8657450675964355e+00 ]
   - [ 65, 110, 0, 1.5566482543945312e+00 ]
   - [ 66, 205, 0, 3.7018556594848633e+00 ]
   - [ 67, 282, 0, 3.3252639770507812e+00 ]
   - [ 68, 816, 0, 1.3288094997406006e+00 ]
   - [ 69, 155, 0, 3.1407966613769531e+00 ]
   - [ 70, 909, 0, 1.8965299129486084e+00 ]
   - [ 71, 42, 0, 3.3045430183410645e+00 ]
   - [ 72, 42, 0, 3.1497435569763184e+00 ]
   - [ 73, 42, 0, 2.8889403343200684e+00 ]
   - [ 74, 205, 0, 3.0020337104797363e+00 ]
   - [ 75, 514, 0, 3.2772169113159180e+00 ]
   - [ 76, 932, 0, 2.6897177696228027e+00 ]
   - [ 77, 281, 0, 2.9562432765960693e+00 ]
   - [ 78, 271, 0, 3.0479528903961182e+00 ]
   - [ 79, 403, 0, 2.9791173934936523e+00 ]
   - [ 80, 1108, 0, 3.0025243759155273e+00 ]
   - [ 81, 1083, 0, 3.3592839241027832e+00 ]
   - [ 82, 38, 0, 3.2210240364074707e+00 ]
   - [ 83, 1343, 0, 3.4612097740173340e+00 ]
   - [ 84, 409, 0, 2.8706526756286621e+00 ]
   - [ 85, 403, 0, 2.5994131565093994e+00 ]
   - [ 86, 1101, 0, 3.0212397575378418e+00 ]
   - [ 87, 809, 0, 3.3284950256347656e+00 ]
   - [ 88, 146, 0, 2.6892170906066895e+00 ]
   - [ 89, 132, 0, 2.1488232612609863e+00 ]
   - [ 90, 473, 0, 2.9517145156860352e+00 ]
   - [ 91, 801, 0, 2.7481520175933838e+00 ]
   - [ 92, 196, 0, 2.7890055179595947e+00 ]
   - [ 93, 104, 0, 2.3471662998199463e+00 ]
   - [ 94, 826, 0, 2.6479272842407227e+00 ]
   - [ 95, 817, 0, 2.5472903251647949e+00 ]
   - [ 96, 205, 0, 3.2290568351745605e+00 ]
   - [ 97, 826, 0, 2.5381140708923340e+00 ]
   - [ 98, 141, 0, 2.3146972656250000e+00 ]
   - [ 99, 603, 0, 2.9675965309143066e+00 ]
   - [ 100, 141, 0, 2.5386853218078613e+00 ]
   - [ 101, 99, 0, 2.6566448211669922e+00 ]
   - [ 102, 826, 0, 2.4473416805267334e+00 ]
   - [ 103, 133, 0, 2.2102134227752686e+00 ]
   - [ 104, 114, 0, 2.7179291248321533e+00 ]
   - [ 105, 170, 0, 2.3224258422851562e+00 ]
   - [ 106, 826, 0, 2.8558607101440430e+00 ]
   - [ 107, 133, 0, 2.3987491130828857e+00 ]
   - [ 108, 119, 0, 2.6772294044494629e+00 ]
   - [ 109, 185, 0, 2.3270869255065918e+00 ]
   - [ 110, 1440, 0, 3.4172387123107910e+00 ]
   - [ 111, 179, 0, 2.1951732635498047e+00 ]
   - [ 112, 179, 0, 2.0898585319519043e+00 ]
   - [ 113, 853, 0, 3.0269398689270020e+00 ]
   - [ 114, 1226, 0, 2.7957596778869629e+00 ]
   - [ 115, 196, 0, 2.3533325195312500e+00 ]
   - [ 116, 644, 0, 2.4164628982543945e+00 ]
   - [ 117, 221, 0, 2.8540220260620117e+00 ]
   - [ 118, 196, 0, 2.3187637329101562e+00 ]
   - [ 119, 269, 0, 2.3319814205169678e+00 ]
   - [ 120, 269, 0, 2.5119781494140625e+00 ]
   - [ 121, 170, 0, 2.0231003761291504e+00 ]
   - [ 122, 155, 0, 2.6359500885009766e+00 ]
   - [ 123, 170, 0, 2.2657327651977539e+00 ]
   - [ 124, 219, 0, 2.7319903373718262e+00 ]
   - [ 125, 224, 0, 3.1380925178527832e+00 ]
   - [ 126, 862, 0, 3.1532843112945557e+00 ]
   - [ 127, 185, 0, 2.3403766155242920e+00 ]
   - [ 128, 862, 0, 2.9156649112701416e+00 ]
   - [ 129, 132, 0, 3.0764448642730713e+00 ]
   - [ 130, 259, 0, 2.7135801315307617e+00 ]
   - [ 131, 133, 0, 3.0661787986755371e+00 ]
   - [ 132, 94, 0, 2.3024005889892578e+00 ]
   - [ 133, 277, 0, 2.4743833541870117e+00 ]
   - [ 134, 185, 0, 2.2784337997436523e+00 ]
   - [ 135, 627, 0, 2.6155166625976562e+00 ]
   - [ 136, 219, 0, 3.3622217178344727e+00 ]
   - [ 137, 224, 0, 3.4355463981628418e+00 ]
   - [ 138, 185, 0, 2.3005270957946777e+00 ]
   - [ 139, 179, 0, 2.5952179431915283e+00 ]
   - [ 140, 196, 0, 2.6818876266479492e+00 ]
   - [ 141, 119, 0, 3.9820113182067871e+00 ]
   - [ 142, 205, 0, 2.8022632598876953e+00 ]
   - [ 143, 196, 0, 2.1153759956359863e+00 ]
   - [ 144, 228, 0, 2.0565233230590820e+00 ]
   - [ 145, 205, 0, 2.3097758293151855e+00 ]
   - [ 146, 218, 0, 2.6425213813781738e+00 ]
   - [ 147, 208, 0, 2.0171108245849609e+00 ]
   - [ 148, 853, 0, 2.9044938087463379e+00 ]
   - [ 149, 890, 0, 2.6038198471069336e+00 ]
   - [ 150, 105, 0, 2.4526553153991699e+00 ]
   - [ 151, 1438, 0, 3.3651976585388184e+00 ]
   - [ 152, 874, 0, 2.4974083900451660e+00 ]
   - [ 153, 890, 0, 2.5422811508178711e+00 ]
   - [ 154, 208, 0, 2.5299224853515625e+00 ]
   - [ 155, 909, 0, 3.0188755989074707e+00 ]
   - [ 156, 257, 0, 2.6935236454010010e+00 ]
   - [ 157, 179, 0, 2.5337176322937012e+00 ]
   - [ 158, 210, 0, 1.8260824680328369e+00 ]
   - [ 159, 890, 0, 2.7444519996643066e+00 ]
   - [ 160, 909, 0, 2.8608922958374023e+00 ]
   - [ 161, 808, 0, 2.5490465164184570e+00 ]
   - [ 162, 196, 0, 2.5157299041748047e+00 ]
   - [ 163, 1108, 0, 2.8080747127532959e+00 ]
   - [ 164, 542, 0, 3.1817674636840820e+00 ]
   - [ 165, 909, 0, 2.8285524845123291e+00 ]
   - [ 166, 105, 0, 2.6068365573883057e+00 ]
   - [ 167, 94, 0, 2.5866641998291016e+00 ]
   - [ 168, 179, 0, 2.3042657375335693e+00 ]
   - [ 169, 796, 0, 2.7006168365478516e+00 ]
   - [ 170, 155, 0, 3.5483546257019043e+00 ]
   - [ 171, 146, 0, 2.9200525283813477e+00 ]
   - [ 172, 257, 0, 2.4761075973510742e+00 ]
   - [ 173, 116, 0, 2.4726049900054932e+00 ]
   - [ 174, 257, 0, 2.9380578994750977e+00 ]
   - [ 175, 158, 0, 2.5946521759033203e+00 ]
   - [ 176, 269, 0, 2.3115086555480957e+00 ]
   - [ 177, 1040, 0, 2.5511801242828369e+00 ]
   - [ 178, 194, 0, 2.4597041606903076e+00 ]
