%YAML:1.0
---
Matches:
   - [ 0, 962, 0, 107. ]
   - [ 1, 1502, 0, 139. ]
   - [ 2, 64, 0, 74. ]
   - [ 3, 271, 0, 103. ]
   - [ 4, 340, 0, 67. ]
   - [ 5, 708, 0, 108. ]
   - [ 6, 1146, 0, 133. ]
   - [ 7, 884, 0, 110. ]
   - [ 8, 894, 0, 98. ]
   - [ 9, 239, 0, 83. ]
   - [ 10, 210, 0, 129. ]
   - [ 11, 1537, 0, 138. ]
   - [ 12, 932, 0, 97. ]
   - [ 13, 411, 0, 137. ]
   - [ 14, 719, 0, 108. ]
   - [ 15, 1301, 0, 96. ]
   - [ 16, 891, 0, 107. ]
   - [ 17, 125, 0, 120. ]
   - [ 18, 871, 0, 105. ]
   - [ 19, 142, 0, 137. ]
   - [ 20, 1070, 0, 115. ]
   - [ 21, 1577, 0, 146. ]
   - [ 22, 955, 0, 113. ]
   - [ 23, 1017, 0, 117. ]
   - [ 24, 936, 0, 106. ]
   - [ 25, 395, 0, 120. ]
   - [ 26, 1147, 0, 123. ]
   - [ 27, 1134, 0, 142. ]
   - [ 28, 561, 0, 134. ]
   - [ 29, 438, 0, 145. ]
   - [ 30, 28, 0, 121. ]
   - [ 31, 150, 0, 135. ]
   - [ 32, 935, 0, 86. ]
   - [ 33, 934, 0, 133. ]
   - [ 34, 161, 0, 109. ]
   - [ 35, 253, 0, 117. ]
   - [ 36, 842, 0, 126. ]
   - [ 37, 146, 0, 141. ]
   - [ 38, 201, 0, 67. ]
   - [ 39, 1075, 0, 123. ]
   - [ 40, 29, 0, 115. ]
   - [ 41, 974, 0, 135. ]
   - [ 42, 955, 0, 121. ]
   - [ 43, 797, 0, 147. ]
   - [ 44, 107, 0, 136. ]
   - [ 45, 487, 0, 133. ]
   - [ 46, 144, 0, 70. ]
   - [ 47, 1294, 0, 126. ]
   - [ 48, 275, 0, 96. ]
   - [ 49, 861, 0, 151. ]
   - [ 50, 736, 0, 65. ]
   - [ 51, 119, 0, 126. ]
   - [ 52, 13, 0, 82. ]
   - [ 53, 1528, 0, 94. ]
   - [ 54, 961, 0, 99. ]
   - [ 55, 346, 0, 89. ]
   - [ 56, 1021, 0, 86. ]
   - [ 57, 511, 0, 128. ]
   - [ 58, 261, 0, 112. ]
   - [ 59, 1317, 0, 97. ]
   - [ 60, 200, 0, 74. ]
   - [ 61, 957, 0, 93. ]
   - [ 62, 990, 0, 93. ]
   - [ 63, 221, 0, 121. ]
   - [ 64, 1089, 0, 125. ]
   - [ 65, 1352, 0, 117. ]
   - [ 66, 1299, 0, 95. ]
   - [ 67, 966, 0, 121. ]
   - [ 68, 1323, 0, 89. ]
   - [ 69, 1464, 0, 62. ]
   - [ 70, 1186, 0, 106. ]
   - [ 71, 111, 0, 70. ]
   - [ 72, 716, 0, 105. ]
   - [ 73, 904, 0, 83. ]
   - [ 74, 49, 0, 74. ]
   - [ 75, 904, 0, 103. ]
   - [ 76, 940, 0, 89. ]
   - [ 77, 128, 0, 53. ]
   - [ 78, 1068, 0, 118. ]
   - [ 79, 1301, 0, 90. ]
   - [ 80, 916, 0, 100. ]
   - [ 81, 902, 0, 92. ]
   - [ 82, 1322, 0, 93. ]
   - [ 83, 935, 0, 89. ]
   - [ 84, 242, 0, 125. ]
   - [ 85, 913, 0, 90. ]
   - [ 86, 116, 0, 114. ]
   - [ 87, 1533, 0, 116. ]
   - [ 88, 1170, 0, 145. ]
   - [ 89, 1161, 0, 102. ]
   - [ 90, 1034, 0, 114. ]
   - [ 91, 553, 0, 132. ]
   - [ 92, 738, 0, 109. ]
   - [ 93, 321, 0, 117. ]
   - [ 94, 1313, 0, 108. ]
   - [ 95, 327, 0, 140. ]
   - [ 96, 1034, 0, 103. ]
   - [ 97, 633, 0, 154. ]
   - [ 98, 1331, 0, 127. ]
   - [ 99, 1161, 0, 155. ]
   - [ 100, 60, 0, 119. ]
   - [ 101, 769, 0, 117. ]
   - [ 102, 1286, 0, 134. ]
   - [ 103, 1122, 0, 107. ]
   - [ 104, 196, 0, 138. ]
   - [ 105, 936, 0, 122. ]
   - [ 106, 1001, 0, 95. ]
   - [ 107, 61, 0, 130. ]
   - [ 108, 1279, 0, 120. ]
   - [ 109, 975, 0, 116. ]
   - [ 110, 1387, 0, 121. ]
   - [ 111, 888, 0, 106. ]
   - [ 112, 500, 0, 151. ]
   - [ 113, 384, 0, 139. ]
   - [ 114, 1547, 0, 146. ]
   - [ 115, 900, 0, 112. ]
   - [ 116, 1090, 0, 135. ]
   - [ 117, 29, 0, 132. ]
   - [ 118, 1320, 0, 113. ]
   - [ 119, 1549, 0, 135. ]
   - [ 120, 327, 0, 142. ]
   - [ 121, 1540, 0, 127. ]
   - [ 122, 221, 0, 131. ]
   - [ 123, 260, 0, 137. ]
   - [ 124, 43, 0, 106. ]
   - [ 125, 1386, 0, 126. ]
   - [ 126, 53, 0, 116. ]
   - [ 127, 196, 0, 150. ]
   - [ 128, 325, 0, 140. ]
   - [ 129, 1141, 0, 154. ]
   - [ 130, 1050, 0, 150. ]
   - [ 131, 754, 0, 128. ]
   - [ 132, 637, 0, 142. ]
   - [ 133, 1021, 0, 118. ]
   - [ 134, 1066, 0, 138. ]
   - [ 135, 686, 0, 140. ]
   - [ 136, 918, 0, 133. ]
   - [ 137, 113, 0, 133. ]
   - [ 138, 1096, 0, 137. ]
   - [ 139, 418, 0, 129. ]
   - [ 140, 626, 0, 102. ]
   - [ 141, 858, 0, 139. ]
   - [ 142, 977, 0, 138. ]
   - [ 143, 185, 0, 109. ]
   - [ 144, 817, 0, 135. ]
   - [ 145, 665, 0, 141. ]
   - [ 146, 289, 0, 121. ]
   - [ 147, 185, 0, 104. ]
   - [ 148, 1230, 0, 131. ]
   - [ 149, 1323, 0, 131. ]
   - [ 150, 60, 0, 118. ]
   - [ 151, 1144, 0, 118. ]
   - [ 152, 958, 0, 120. ]
   - [ 153, 89, 0, 116. ]
   - [ 154, 116, 0, 168. ]
   - [ 155, 348, 0, 134. ]
   - [ 156, 278, 0, 109. ]
   - [ 157, 47, 0, 113. ]
   - [ 158, 1362, 0, 137. ]
   - [ 159, 1097, 0, 144. ]
   - [ 160, 683, 0, 142. ]
   - [ 161, 936, 0, 151. ]
   - [ 162, 667, 0, 145. ]
   - [ 163, 251, 0, 120. ]
   - [ 164, 487, 0, 113. ]
   - [ 165, 517, 0, 145. ]
   - [ 166, 214, 0, 129. ]
   - [ 167, 1519, 0, 88. ]
   - [ 168, 1117, 0, 123. ]
   - [ 169, 1533, 0, 122. ]
   - [ 170, 476, 0, 137. ]
   - [ 171, 846, 0, 133. ]
   - [ 172, 204, 0, 152. ]
   - [ 173, 583, 0, 159. ]
   - [ 174, 834, 0, 110. ]
   - [ 175, 1141, 0, 125. ]
   - [ 176, 596, 0, 147. ]
   - [ 177, 492, 0, 148. ]
   - [ 178, 480, 0, 140. ]
   - [ 179, 741, 0, 112. ]
   - [ 180, 1421, 0, 142. ]
   - [ 181, 657, 0, 128. ]
   - [ 182, 1168, 0, 138. ]
   - [ 183, 662, 0, 144. ]
   - [ 184, 457, 0, 157. ]
   - [ 185, 178, 0, 134. ]
   - [ 186, 676, 0, 162. ]
   - [ 187, 938, 0, 155. ]
   - [ 188, 1074, 0, 139. ]
   - [ 189, 110, 0, 134. ]
   - [ 190, 462, 0, 156. ]
   - [ 191, 15, 0, 77. ]
   - [ 192, 1161, 0, 138. ]
   - [ 193, 665, 0, 133. ]
   - [ 194, 1234, 0, 128. ]
   - [ 195, 104, 0, 128. ]
   - [ 196, 86, 0, 79. ]
   - [ 197, 855, 0, 84. ]
   - [ 198, 104, 0, 131. ]
   - [ 199, 123, 0, 117. ]
   - [ 200, 474, 0, 130. ]
   - [ 201, 456, 0, 113. ]
   - [ 202, 148, 0, 74. ]
   - [ 203, 1224, 0, 123. ]
   - [ 204, 63, 0, 130. ]
   - [ 205, 456, 0, 126. ]
   - [ 206, 739, 0, 97. ]
   - [ 207, 796, 0, 108. ]
   - [ 208, 111, 0, 67. ]
   - [ 209, 1260, 0, 138. ]
   - [ 210, 963, 0, 115. ]
   - [ 211, 1329, 0, 81. ]
   - [ 212, 1121, 0, 126. ]
   - [ 213, 1323, 0, 95. ]
   - [ 214, 945, 0, 111. ]
   - [ 215, 1245, 0, 103. ]
   - [ 216, 112, 0, 124. ]
   - [ 217, 111, 0, 80. ]
   - [ 218, 935, 0, 103. ]
   - [ 219, 900, 0, 114. ]
   - [ 220, 916, 0, 123. ]
   - [ 221, 775, 0, 77. ]
   - [ 222, 128, 0, 73. ]
   - [ 223, 1449, 0, 116. ]
   - [ 224, 1484, 0, 96. ]
   - [ 225, 1308, 0, 118. ]
   - [ 226, 29, 0, 131. ]
   - [ 227, 314, 0, 107. ]
   - [ 228, 243, 0, 127. ]
   - [ 229, 1389, 0, 140. ]
   - [ 230, 354, 0, 123. ]
   - [ 231, 214, 0, 132. ]
   - [ 232, 1486, 0, 127. ]
   - [ 233, 1034, 0, 140. ]
   - [ 234, 803, 0, 139. ]
   - [ 235, 984, 0, 154. ]
   - [ 236, 900, 0, 109. ]
   - [ 237, 1382, 0, 154. ]
   - [ 238, 960, 0, 123. ]
   - [ 239, 173, 0, 151. ]
   - [ 240, 1239, 0, 130. ]
   - [ 241, 707, 0, 152. ]
   - [ 242, 1182, 0, 119. ]
   - [ 243, 450, 0, 143. ]
   - [ 244, 251, 0, 125. ]
   - [ 245, 1254, 0, 125. ]
   - [ 246, 1551, 0, 117. ]
   - [ 247, 851, 0, 106. ]
   - [ 248, 119, 0, 120. ]
   - [ 249, 196, 0, 122. ]
   - [ 250, 215, 0, 155. ]
   - [ 251, 1143, 0, 149. ]
   - [ 252, 258, 0, 129. ]
   - [ 253, 120, 0, 128. ]
   - [ 254, 278, 0, 130. ]
   - [ 255, 130, 0, 156. ]
   - [ 256, 179, 0, 116. ]
   - [ 257, 1573, 0, 120. ]
   - [ 258, 1550, 0, 123. ]
   - [ 259, 794, 0, 116. ]
   - [ 260, 107, 0, 134. ]
   - [ 261, 57, 0, 131. ]
   - [ 262, 10, 0, 123. ]
   - [ 263, 1572, 0, 133. ]
   - [ 264, 361, 0, 141. ]
   - [ 265, 203, 0, 126. ]
   - [ 266, 142, 0, 119. ]
   - [ 267, 1285, 0, 135. ]
   - [ 268, 147, 0, 140. ]
   - [ 269, 1150, 0, 144. ]
   - [ 270, 265, 0, 147. ]
   - [ 271, 822, 0, 148. ]
   - [ 272, 626, 0, 130. ]
   - [ 273, 1253, 0, 151. ]
   - [ 274, 170, 0, 124. ]
   - [ 275, 260, 0, 128. ]
   - [ 276, 797, 0, 135. ]
   - [ 277, 195, 0, 120. ]
   - [ 278, 372, 0, 147. ]
   - [ 279, 69, 0, 148. ]
   - [ 280, 185, 0, 84. ]
   - [ 281, 325, 0, 133. ]
   - [ 282, 43, 0, 114. ]
   - [ 283, 544, 0, 156. ]
   - [ 284, 675, 0, 153. ]
   - [ 285, 1410, 0, 148. ]
   - [ 286, 196, 0, 118. ]
   - [ 287, 741, 0, 121. ]
   - [ 288, 203, 0, 122. ]
   - [ 289, 1386, 0, 154. ]
   - [ 290, 1001, 0, 113. ]
   - [ 291, 215, 0, 159. ]
   - [ 292, 216, 0, 131. ]
   - [ 293, 1315, 0, 119. ]
   - [ 294, 1022, 0, 129. ]
   - [ 295, 1117, 0, 152. ]
   - [ 296, 208, 0, 71. ]
   - [ 297, 1064, 0, 143. ]
