%YAML:1.0
---
Matches:
   - [ 0, 206, 0, 66. ]
   - [ 1, 321, 0, 79. ]
   - [ 2, 371, 0, 75. ]
   - [ 3, 52, 0, 56. ]
   - [ 4, 20, 0, 57. ]
   - [ 5, 215, 0, 58. ]
   - [ 6, 427, 0, 33. ]
   - [ 7, 305, 0, 60. ]
   - [ 8, 329, 0, 72. ]
   - [ 9, 266, 0, 84. ]
   - [ 10, 310, 0, 82. ]
   - [ 11, 58, 0, 77. ]
   - [ 12, 374, 0, 80. ]
   - [ 13, 199, 0, 70. ]
   - [ 14, 18, 0, 64. ]
   - [ 15, 206, 0, 72. ]
   - [ 16, 321, 0, 68. ]
   - [ 17, 356, 0, 58. ]
   - [ 18, 58, 0, 71. ]
   - [ 19, 250, 0, 67. ]
   - [ 20, 39, 0, 81. ]
   - [ 21, 68, 0, 70. ]
   - [ 22, 307, 0, 70. ]
   - [ 23, 344, 0, 70. ]
   - [ 24, 138, 0, 67. ]
   - [ 25, 285, 0, 83. ]
   - [ 26, 145, 0, 82. ]
   - [ 27, 374, 0, 81. ]
   - [ 28, 350, 0, 72. ]
   - [ 29, 219, 0, 77. ]
   - [ 30, 150, 0, 80. ]
   - [ 31, 159, 0, 82. ]
   - [ 32, 69, 0, 72. ]
   - [ 33, 404, 0, 64. ]
   - [ 34, 89, 0, 57. ]
   - [ 35, 130, 0, 86. ]
   - [ 36, 74, 0, 81. ]
   - [ 37, 166, 0, 64. ]
   - [ 38, 58, 0, 70. ]
   - [ 39, 155, 0, 80. ]
   - [ 40, 321, 0, 75. ]
   - [ 41, 33, 0, 77. ]
   - [ 42, 249, 0, 81. ]
   - [ 43, 415, 0, 71. ]
   - [ 44, 68, 0, 77. ]
   - [ 45, 301, 0, 77. ]
   - [ 46, 152, 0, 53. ]
   - [ 47, 124, 0, 75. ]
   - [ 48, 25, 0, 65. ]
   - [ 49, 22, 0, 88. ]
   - [ 50, 74, 0, 80. ]
   - [ 51, 24, 0, 73. ]
   - [ 52, 493, 0, 88. ]
   - [ 53, 219, 0, 56. ]
   - [ 54, 428, 0, 47. ]
   - [ 55, 94, 0, 77. ]
   - [ 56, 186, 0, 70. ]
   - [ 57, 309, 0, 52. ]
   - [ 58, 30, 0, 86. ]
   - [ 59, 8, 0, 84. ]
   - [ 60, 68, 0, 81. ]
   - [ 61, 332, 0, 84. ]
   - [ 62, 105, 0, 82. ]
   - [ 63, 454, 0, 72. ]
   - [ 64, 97, 0, 84. ]
   - [ 65, 63, 0, 61. ]
   - [ 66, 116, 0, 56. ]
   - [ 67, 33, 0, 76. ]
   - [ 68, 17, 0, 84. ]
   - [ 69, 339, 0, 63. ]
   - [ 70, 407, 0, 47. ]
   - [ 71, 200, 0, 79. ]
   - [ 72, 316, 0, 73. ]
   - [ 73, 139, 0, 76. ]
   - [ 74, 60, 0, 68. ]
   - [ 75, 433, 0, 75. ]
   - [ 76, 183, 0, 78. ]
   - [ 77, 305, 0, 76. ]
   - [ 78, 184, 0, 66. ]
   - [ 79, 402, 0, 75. ]
   - [ 80, 106, 0, 79. ]
   - [ 81, 407, 0, 66. ]
   - [ 82, 94, 0, 53. ]
   - [ 83, 48, 0, 79. ]
   - [ 84, 116, 0, 67. ]
   - [ 85, 486, 0, 76. ]
   - [ 86, 148, 0, 70. ]
   - [ 87, 167, 0, 79. ]
   - [ 88, 4, 0, 78. ]
   - [ 89, 245, 0, 80. ]
   - [ 90, 430, 0, 85. ]
   - [ 91, 145, 0, 76. ]
   - [ 92, 338, 0, 79. ]
   - [ 93, 155, 0, 89. ]
   - [ 94, 323, 0, 81. ]
   - [ 95, 74, 0, 83. ]
   - [ 96, 94, 0, 69. ]
   - [ 97, 34, 0, 86. ]
   - [ 98, 301, 0, 75. ]
   - [ 99, 60, 0, 87. ]
   - [ 100, 5, 0, 73. ]
   - [ 101, 39, 0, 74. ]
   - [ 102, 134, 0, 49. ]
   - [ 103, 30, 0, 84. ]
   - [ 104, 480, 0, 84. ]
   - [ 105, 123, 0, 71. ]
   - [ 106, 13, 0, 73. ]
   - [ 107, 465, 0, 78. ]
   - [ 108, 55, 0, 73. ]
   - [ 109, 186, 0, 64. ]
   - [ 110, 261, 0, 66. ]
   - [ 111, 342, 0, 66. ]
   - [ 112, 155, 0, 70. ]
   - [ 113, 353, 0, 66. ]
   - [ 114, 176, 0, 77. ]
   - [ 115, 200, 0, 69. ]
   - [ 116, 240, 0, 73. ]
   - [ 117, 123, 0, 68. ]
   - [ 118, 25, 0, 58. ]
   - [ 119, 80, 0, 67. ]
   - [ 120, 467, 0, 49. ]
   - [ 121, 316, 0, 78. ]
   - [ 122, 331, 0, 73. ]
   - [ 123, 346, 0, 85. ]
   - [ 124, 234, 0, 74. ]
   - [ 125, 232, 0, 53. ]
   - [ 126, 74, 0, 69. ]
   - [ 127, 219, 0, 64. ]
   - [ 128, 100, 0, 87. ]
   - [ 129, 280, 0, 72. ]
   - [ 130, 39, 0, 67. ]
   - [ 131, 122, 0, 56. ]
   - [ 132, 138, 0, 70. ]
   - [ 133, 258, 0, 78. ]
   - [ 134, 120, 0, 71. ]
   - [ 135, 21, 0, 88. ]
   - [ 136, 37, 0, 73. ]
   - [ 137, 426, 0, 81. ]
   - [ 138, 174, 0, 82. ]
   - [ 139, 344, 0, 74. ]
   - [ 140, 494, 0, 85. ]
   - [ 141, 417, 0, 83. ]
   - [ 142, 293, 0, 84. ]
   - [ 143, 70, 0, 72. ]
   - [ 144, 62, 0, 65. ]
   - [ 145, 238, 0, 69. ]
   - [ 146, 84, 0, 82. ]
   - [ 147, 344, 0, 82. ]
   - [ 148, 235, 0, 69. ]
   - [ 149, 200, 0, 75. ]
   - [ 150, 373, 0, 83. ]
   - [ 151, 39, 0, 69. ]
   - [ 152, 220, 0, 73. ]
   - [ 153, 2, 0, 65. ]
   - [ 154, 486, 0, 65. ]
   - [ 155, 2, 0, 85. ]
   - [ 156, 2, 0, 65. ]
   - [ 157, 275, 0, 72. ]
   - [ 158, 258, 0, 91. ]
   - [ 159, 326, 0, 70. ]
   - [ 160, 300, 0, 80. ]
   - [ 161, 445, 0, 61. ]
   - [ 162, 236, 0, 75. ]
   - [ 163, 26, 0, 68. ]
   - [ 164, 499, 0, 73. ]
   - [ 165, 220, 0, 76. ]
   - [ 166, 61, 0, 79. ]
   - [ 167, 262, 0, 73. ]
   - [ 168, 74, 0, 67. ]
   - [ 169, 203, 0, 88. ]
   - [ 170, 371, 0, 83. ]
   - [ 171, 72, 0, 70. ]
   - [ 172, 337, 0, 61. ]
   - [ 173, 190, 0, 74. ]
   - [ 174, 25, 0, 73. ]
   - [ 175, 238, 0, 71. ]
   - [ 176, 227, 0, 67. ]
   - [ 177, 301, 0, 71. ]
   - [ 178, 446, 0, 71. ]
   - [ 179, 21, 0, 80. ]
   - [ 180, 145, 0, 62. ]
   - [ 181, 189, 0, 81. ]
   - [ 182, 25, 0, 57. ]
   - [ 183, 236, 0, 57. ]
   - [ 184, 431, 0, 83. ]
   - [ 185, 224, 0, 75. ]
   - [ 186, 116, 0, 65. ]
   - [ 187, 461, 0, 55. ]
   - [ 188, 234, 0, 81. ]
   - [ 189, 190, 0, 67. ]
   - [ 190, 480, 0, 66. ]
   - [ 191, 219, 0, 58. ]
   - [ 192, 84, 0, 69. ]
   - [ 193, 50, 0, 82. ]
   - [ 194, 50, 0, 82. ]
   - [ 195, 89, 0, 80. ]
   - [ 196, 480, 0, 73. ]
   - [ 197, 467, 0, 51. ]
   - [ 198, 127, 0, 78. ]
   - [ 199, 200, 0, 64. ]
   - [ 200, 74, 0, 85. ]
   - [ 201, 130, 0, 89. ]
   - [ 202, 211, 0, 74. ]
   - [ 203, 219, 0, 66. ]
   - [ 204, 2, 0, 69. ]
   - [ 205, 90, 0, 80. ]
   - [ 206, 144, 0, 69. ]
   - [ 207, 261, 0, 81. ]
   - [ 208, 318, 0, 73. ]
   - [ 209, 434, 0, 76. ]
   - [ 210, 184, 0, 92. ]
   - [ 211, 85, 0, 62. ]
   - [ 212, 200, 0, 60. ]
   - [ 213, 68, 0, 52. ]
   - [ 214, 452, 0, 72. ]
   - [ 215, 90, 0, 81. ]
   - [ 216, 122, 0, 61. ]
   - [ 217, 201, 0, 67. ]
   - [ 218, 100, 0, 81. ]
   - [ 219, 35, 0, 70. ]
   - [ 220, 305, 0, 56. ]
   - [ 221, 201, 0, 47. ]
   - [ 222, 58, 0, 73. ]
   - [ 223, 60, 0, 75. ]
   - [ 224, 446, 0, 66. ]
   - [ 225, 487, 0, 73. ]
   - [ 226, 485, 0, 78. ]
   - [ 227, 467, 0, 88. ]
   - [ 228, 315, 0, 57. ]
   - [ 229, 455, 0, 82. ]
   - [ 230, 256, 0, 73. ]
   - [ 231, 206, 0, 62. ]
   - [ 232, 200, 0, 66. ]
   - [ 233, 200, 0, 74. ]
   - [ 234, 206, 0, 57. ]
   - [ 235, 2, 0, 72. ]
   - [ 236, 206, 0, 64. ]
   - [ 237, 217, 0, 76. ]
   - [ 238, 100, 0, 66. ]
   - [ 239, 383, 0, 63. ]
   - [ 240, 68, 0, 70. ]
   - [ 241, 25, 0, 67. ]
   - [ 242, 104, 0, 57. ]
   - [ 243, 200, 0, 72. ]
   - [ 244, 123, 0, 61. ]
   - [ 245, 250, 0, 70. ]
   - [ 246, 68, 0, 87. ]
   - [ 247, 236, 0, 72. ]
   - [ 248, 35, 0, 66. ]
   - [ 249, 37, 0, 72. ]
   - [ 250, 201, 0, 87. ]
   - [ 251, 79, 0, 65. ]
   - [ 252, 223, 0, 82. ]
   - [ 253, 60, 0, 81. ]
   - [ 254, 406, 0, 74. ]
   - [ 255, 39, 0, 64. ]
   - [ 256, 25, 0, 54. ]
   - [ 257, 145, 0, 60. ]
   - [ 258, 155, 0, 60. ]
   - [ 259, 61, 0, 80. ]
   - [ 260, 2, 0, 63. ]
   - [ 261, 222, 0, 61. ]
   - [ 262, 61, 0, 78. ]
   - [ 263, 114, 0, 68. ]
   - [ 264, 305, 0, 69. ]
   - [ 265, 159, 0, 71. ]
   - [ 266, 201, 0, 57. ]
   - [ 267, 150, 0, 83. ]
   - [ 268, 449, 0, 72. ]
   - [ 269, 92, 0, 87. ]
   - [ 270, 2, 0, 77. ]
   - [ 271, 142, 0, 75. ]
   - [ 272, 268, 0, 86. ]
   - [ 273, 34, 0, 65. ]
   - [ 274, 89, 0, 50. ]
   - [ 275, 98, 0, 78. ]
   - [ 276, 343, 0, 56. ]
   - [ 277, 138, 0, 73. ]
   - [ 278, 227, 0, 86. ]
   - [ 279, 219, 0, 71. ]
   - [ 280, 117, 0, 69. ]
   - [ 281, 489, 0, 70. ]
   - [ 282, 61, 0, 70. ]
   - [ 283, 123, 0, 67. ]
   - [ 284, 206, 0, 73. ]
   - [ 285, 115, 0, 69. ]
   - [ 286, 203, 0, 75. ]
   - [ 287, 89, 0, 57. ]
   - [ 288, 232, 0, 72. ]
   - [ 289, 222, 0, 79. ]
   - [ 290, 200, 0, 54. ]
   - [ 291, 4, 0, 76. ]
   - [ 292, 130, 0, 74. ]
   - [ 293, 57, 0, 66. ]
   - [ 294, 107, 0, 70. ]
   - [ 295, 200, 0, 49. ]
   - [ 296, 30, 0, 62. ]
   - [ 297, 201, 0, 68. ]
   - [ 298, 104, 0, 61. ]
   - [ 299, 145, 0, 68. ]
   - [ 300, 369, 0, 87. ]
   - [ 301, 68, 0, 76. ]
   - [ 302, 190, 0, 86. ]
   - [ 303, 294, 0, 75. ]
   - [ 304, 114, 0, 61. ]
   - [ 305, 15, 0, 77. ]
   - [ 306, 397, 0, 80. ]
   - [ 307, 381, 0, 68. ]
   - [ 308, 9, 0, 68. ]
   - [ 309, 68, 0, 58. ]
   - [ 310, 89, 0, 62. ]
   - [ 311, 85, 0, 67. ]
   - [ 312, 402, 0, 66. ]
   - [ 313, 100, 0, 63. ]
   - [ 314, 380, 0, 67. ]
