%YAML:1.0
---
Matches:
   - [ 0, 206, 0, 3.8022888183593750e+02 ]
   - [ 1, 313, 0, 3.8699096679687500e+02 ]
   - [ 2, 2, 0, 4.1230450439453125e+02 ]
   - [ 3, 52, 0, 2.8051382446289062e+02 ]
   - [ 4, 122, 0, 3.4115832519531250e+02 ]
   - [ 5, 288, 0, 2.8022311401367188e+02 ]
   - [ 6, 264, 0, 3.1559152221679688e+02 ]
   - [ 7, 79, 0, 3.1447256469726562e+02 ]
   - [ 8, 204, 0, 4.1270449829101562e+02 ]
   - [ 9, 64, 0, 3.8022097778320312e+02 ]
   - [ 10, 241, 0, 4.2148309326171875e+02 ]
   - [ 11, 313, 0, 4.0947161865234375e+02 ]
   - [ 12, 241, 0, 3.7664572143554688e+02 ]
   - [ 13, 74, 0, 3.4520138549804688e+02 ]
   - [ 14, 388, 0, 2.9797650146484375e+02 ]
   - [ 15, 489, 0, 4.0323690795898438e+02 ]
   - [ 16, 347, 0, 3.8203796386718750e+02 ]
   - [ 17, 339, 0, 2.9051504516601562e+02 ]
   - [ 18, 431, 0, 3.6636184692382812e+02 ]
   - [ 19, 16, 0, 3.7476126098632812e+02 ]
   - [ 20, 339, 0, 3.5829736328125000e+02 ]
   - [ 21, 91, 0, 3.5875756835937500e+02 ]
   - [ 22, 461, 0, 3.7391308593750000e+02 ]
   - [ 23, 26, 0, 3.8468688964843750e+02 ]
   - [ 24, 138, 0, 3.1333367919921875e+02 ]
   - [ 25, 314, 0, 3.9906640625000000e+02 ]
   - [ 26, 61, 0, 4.1374993896484375e+02 ]
   - [ 27, 8, 0, 3.7343942260742188e+02 ]
   - [ 28, 50, 0, 3.7105795288085938e+02 ]
   - [ 29, 130, 0, 3.7387966918945312e+02 ]
   - [ 30, 330, 0, 3.8520904541015625e+02 ]
   - [ 31, 220, 0, 3.9835787963867188e+02 ]
   - [ 32, 80, 0, 3.7951022338867188e+02 ]
   - [ 33, 371, 0, 3.7167593383789062e+02 ]
   - [ 34, 61, 0, 3.4728662109375000e+02 ]
   - [ 35, 138, 0, 3.7158309936523438e+02 ]
   - [ 36, 75, 0, 3.4872338867187500e+02 ]
   - [ 37, 198, 0, 3.8004211425781250e+02 ]
   - [ 38, 293, 0, 4.2263342285156250e+02 ]
   - [ 39, 412, 0, 4.1648168945312500e+02 ]
   - [ 40, 167, 0, 4.0304467773437500e+02 ]
   - [ 41, 169, 0, 3.6029016113281250e+02 ]
   - [ 42, 68, 0, 4.0760028076171875e+02 ]
   - [ 43, 489, 0, 3.5836154174804688e+02 ]
   - [ 44, 155, 0, 4.0868203735351562e+02 ]
   - [ 45, 242, 0, 3.8655789184570312e+02 ]
   - [ 46, 152, 0, 3.4052606201171875e+02 ]
   - [ 47, 391, 0, 4.1021701049804688e+02 ]
   - [ 48, 106, 0, 3.7650231933593750e+02 ]
   - [ 49, 91, 0, 3.8516619873046875e+02 ]
   - [ 50, 74, 0, 3.7440618896484375e+02 ]
   - [ 51, 55, 0, 3.6934536743164062e+02 ]
   - [ 52, 61, 0, 3.5343457031250000e+02 ]
   - [ 53, 219, 0, 3.6706948852539062e+02 ]
   - [ 54, 331, 0, 2.4176434326171875e+02 ]
   - [ 55, 192, 0, 3.2990603637695312e+02 ]
   - [ 56, 346, 0, 4.1530230712890625e+02 ]
   - [ 57, 194, 0, 3.1757833862304688e+02 ]
   - [ 58, 30, 0, 4.0111468505859375e+02 ]
   - [ 59, 8, 0, 4.0355917358398438e+02 ]
   - [ 60, 124, 0, 3.8641299438476562e+02 ]
   - [ 61, 332, 0, 2.9912039184570312e+02 ]
   - [ 62, 338, 0, 4.1682131958007812e+02 ]
   - [ 63, 188, 0, 4.1551654052734375e+02 ]
   - [ 64, 80, 0, 3.8074533081054688e+02 ]
   - [ 65, 82, 0, 3.5700839233398438e+02 ]
   - [ 66, 16, 0, 3.9531759643554688e+02 ]
   - [ 67, 103, 0, 3.6752685546875000e+02 ]
   - [ 68, 157, 0, 3.9706295776367188e+02 ]
   - [ 69, 458, 0, 3.6354229736328125e+02 ]
   - [ 70, 407, 0, 4.0226980590820312e+02 ]
   - [ 71, 159, 0, 3.7842568969726562e+02 ]
   - [ 72, 2, 0, 4.1986663818359375e+02 ]
   - [ 73, 449, 0, 3.8376165771484375e+02 ]
   - [ 74, 224, 0, 4.1330377197265625e+02 ]
   - [ 75, 183, 0, 3.5129901123046875e+02 ]
   - [ 76, 419, 0, 4.3077719116210938e+02 ]
   - [ 77, 155, 0, 3.7666033935546875e+02 ]
   - [ 78, 158, 0, 4.1340173339843750e+02 ]
   - [ 79, 402, 0, 3.3455044555664062e+02 ]
   - [ 80, 64, 0, 4.3157269287109375e+02 ]
   - [ 81, 94, 0, 4.0324063110351562e+02 ]
   - [ 82, 68, 0, 3.7882186889648438e+02 ]
   - [ 83, 490, 0, 3.2140316772460938e+02 ]
   - [ 84, 149, 0, 3.4065084838867188e+02 ]
   - [ 85, 68, 0, 3.7418713378906250e+02 ]
   - [ 86, 63, 0, 4.0122314453125000e+02 ]
   - [ 87, 101, 0, 3.7083688354492188e+02 ]
   - [ 88, 343, 0, 4.0592364501953125e+02 ]
   - [ 89, 461, 0, 3.8746871948242188e+02 ]
   - [ 90, 281, 0, 3.4768951416015625e+02 ]
   - [ 91, 326, 0, 3.7810449218750000e+02 ]
   - [ 92, 259, 0, 3.7666299438476562e+02 ]
   - [ 93, 199, 0, 4.0303100585937500e+02 ]
   - [ 94, 293, 0, 3.3434564208984375e+02 ]
   - [ 95, 300, 0, 4.0528015136718750e+02 ]
   - [ 96, 206, 0, 3.4864596557617188e+02 ]
   - [ 97, 343, 0, 3.5869763183593750e+02 ]
   - [ 98, 236, 0, 3.7891818237304688e+02 ]
   - [ 99, 219, 0, 4.3370495605468750e+02 ]
   - [ 100, 170, 0, 3.5054672241210938e+02 ]
   - [ 101, 138, 0, 3.8341101074218750e+02 ]
   - [ 102, 264, 0, 3.0864056396484375e+02 ]
   - [ 103, 51, 0, 4.1588821411132812e+02 ]
   - [ 104, 201, 0, 3.9229324340820312e+02 ]
   - [ 105, 323, 0, 4.2192770385742188e+02 ]
   - [ 106, 118, 0, 3.6666741943359375e+02 ]
   - [ 107, 52, 0, 3.8512466430664062e+02 ]
   - [ 108, 6, 0, 3.8850869750976562e+02 ]
   - [ 109, 321, 0, 3.7942193603515625e+02 ]
   - [ 110, 332, 0, 4.0309179687500000e+02 ]
   - [ 111, 203, 0, 3.9844320678710938e+02 ]
   - [ 112, 127, 0, 4.1649368286132812e+02 ]
   - [ 113, 179, 0, 3.6287326049804688e+02 ]
   - [ 114, 457, 0, 4.0201367187500000e+02 ]
   - [ 115, 200, 0, 3.5046398925781250e+02 ]
   - [ 116, 332, 0, 4.1998809814453125e+02 ]
   - [ 117, 241, 0, 3.8589248657226562e+02 ]
   - [ 118, 52, 0, 3.9328869628906250e+02 ]
   - [ 119, 80, 0, 3.1874755859375000e+02 ]
   - [ 120, 467, 0, 3.8910665893554688e+02 ]
   - [ 121, 252, 0, 4.4413400268554688e+02 ]
   - [ 122, 179, 0, 3.2418820190429688e+02 ]
   - [ 123, 238, 0, 3.4315011596679688e+02 ]
   - [ 124, 158, 0, 3.0995806884765625e+02 ]
   - [ 125, 232, 0, 3.1424670410156250e+02 ]
   - [ 126, 74, 0, 3.9311831665039062e+02 ]
   - [ 127, 21, 0, 4.4059957885742188e+02 ]
   - [ 128, 88, 0, 4.5760900878906250e+02 ]
   - [ 129, 201, 0, 3.2482302856445312e+02 ]
   - [ 130, 116, 0, 3.6118276977539062e+02 ]
   - [ 131, 201, 0, 3.6353817749023438e+02 ]
   - [ 132, 39, 0, 3.5447567749023438e+02 ]
   - [ 133, 159, 0, 3.5746188354492188e+02 ]
   - [ 134, 457, 0, 3.3293392944335938e+02 ]
   - [ 135, 206, 0, 4.3078186035156250e+02 ]
   - [ 136, 37, 0, 3.7471322631835938e+02 ]
   - [ 137, 134, 0, 3.3943334960937500e+02 ]
   - [ 138, 328, 0, 3.8050625610351562e+02 ]
   - [ 139, 26, 0, 4.1302905273437500e+02 ]
   - [ 140, 153, 0, 3.7608642578125000e+02 ]
   - [ 141, 312, 0, 3.6911108398437500e+02 ]
   - [ 142, 206, 0, 3.9530368041992188e+02 ]
   - [ 143, 70, 0, 3.8224206542968750e+02 ]
   - [ 144, 321, 0, 3.4956973266601562e+02 ]
   - [ 145, 152, 0, 4.1486383056640625e+02 ]
   - [ 146, 453, 0, 3.5576116943359375e+02 ]
   - [ 147, 26, 0, 4.1715344238281250e+02 ]
   - [ 148, 490, 0, 3.7306567382812500e+02 ]
   - [ 149, 241, 0, 3.4805029296875000e+02 ]
   - [ 150, 275, 0, 3.4262954711914062e+02 ]
   - [ 151, 4, 0, 3.4003088378906250e+02 ]
   - [ 152, 220, 0, 3.3312759399414062e+02 ]
   - [ 153, 2, 0, 3.4167675781250000e+02 ]
   - [ 154, 68, 0, 3.5663986206054688e+02 ]
   - [ 155, 260, 0, 3.5373153686523438e+02 ]
   - [ 156, 2, 0, 3.2006875610351562e+02 ]
   - [ 157, 462, 0, 3.5961367797851562e+02 ]
   - [ 158, 377, 0, 4.2481643676757812e+02 ]
   - [ 159, 326, 0, 3.2674301147460938e+02 ]
   - [ 160, 16, 0, 4.1209222412109375e+02 ]
   - [ 161, 445, 0, 3.6542852783203125e+02 ]
   - [ 162, 11, 0, 4.3654898071289062e+02 ]
   - [ 163, 120, 0, 3.6085729980468750e+02 ]
   - [ 164, 487, 0, 4.3286950683593750e+02 ]
   - [ 165, 463, 0, 2.9865029907226562e+02 ]
   - [ 166, 155, 0, 3.5677304077148438e+02 ]
   - [ 167, 262, 0, 3.2912915039062500e+02 ]
   - [ 168, 75, 0, 3.5730380249023438e+02 ]
   - [ 169, 252, 0, 3.8942263793945312e+02 ]
   - [ 170, 294, 0, 4.1348275756835938e+02 ]
   - [ 171, 82, 0, 2.5693383789062500e+02 ]
   - [ 172, 383, 0, 3.1767434692382812e+02 ]
   - [ 173, 338, 0, 3.8845977783203125e+02 ]
   - [ 174, 54, 0, 3.3054199218750000e+02 ]
   - [ 175, 172, 0, 3.7760958862304688e+02 ]
   - [ 176, 20, 0, 4.0774746704101562e+02 ]
   - [ 177, 358, 0, 3.9674298095703125e+02 ]
   - [ 178, 55, 0, 3.4802584838867188e+02 ]
   - [ 179, 91, 0, 4.0863064575195312e+02 ]
   - [ 180, 145, 0, 3.1215060424804688e+02 ]
