%YAML:1.0
---
Matches:
   - [ 0, 206, 0, 1578. ]
   - [ 1, 494, 0, 1612. ]
   - [ 2, 332, 0, 1731. ]
   - [ 3, 52, 0, 956. ]
   - [ 4, 201, 0, 1274. ]
   - [ 5, 288, 0, 1087. ]
   - [ 6, 427, 0, 1032. ]
   - [ 7, 79, 0, 1209. ]
   - [ 8, 204, 0, 1593. ]
   - [ 9, 64, 0, 1664. ]
   - [ 10, 241, 0, 1780. ]
   - [ 11, 69, 0, 1741. ]
   - [ 12, 241, 0, 1570. ]
   - [ 13, 74, 0, 1270. ]
   - [ 14, 388, 0, 1320. ]
   - [ 15, 489, 0, 1670. ]
   - [ 16, 347, 0, 1621. ]
   - [ 17, 339, 0, 1225. ]
   - [ 18, 403, 0, 1502. ]
   - [ 19, 237, 0, 1441. ]
   - [ 20, 339, 0, 1543. ]
   - [ 21, 60, 0, 1413. ]
   - [ 22, 461, 0, 1527. ]
   - [ 23, 26, 0, 1746. ]
   - [ 24, 138, 0, 1284. ]
   - [ 25, 226, 0, 1756. ]
   - [ 26, 107, 0, 1794. ]
   - [ 27, 58, 0, 1478. ]
   - [ 28, 78, 0, 1489. ]
   - [ 29, 18, 0, 1564. ]
   - [ 30, 110, 0, 1629. ]
   - [ 31, 207, 0, 1669. ]
   - [ 32, 80, 0, 1724. ]
   - [ 33, 371, 0, 1569. ]
   - [ 34, 61, 0, 1308. ]
   - [ 35, 138, 0, 1632. ]
   - [ 36, 75, 0, 1524. ]
   - [ 37, 198, 0, 1696. ]
   - [ 38, 58, 0, 1829. ]
   - [ 39, 412, 0, 1705. ]
   - [ 40, 321, 0, 1737. ]
   - [ 41, 33, 0, 1550. ]
   - [ 42, 249, 0, 1730. ]
   - [ 43, 251, 0, 1420. ]
   - [ 44, 155, 0, 1599. ]
   - [ 45, 157, 0, 1669. ]
   - [ 46, 152, 0, 1362. ]
   - [ 47, 313, 0, 1622. ]
   - [ 48, 301, 0, 1581. ]
   - [ 49, 91, 0, 1721. ]
   - [ 50, 175, 0, 1538. ]
   - [ 51, 55, 0, 1656. ]
   - [ 52, 61, 0, 1570. ]
   - [ 53, 219, 0, 1392. ]
   - [ 54, 331, 0, 1066. ]
   - [ 55, 192, 0, 1138. ]
   - [ 56, 186, 0, 1534. ]
   - [ 57, 194, 0, 1132. ]
   - [ 58, 61, 0, 1659. ]
   - [ 59, 8, 0, 1746. ]
   - [ 60, 91, 0, 1608. ]
   - [ 61, 332, 0, 1185. ]
   - [ 62, 2, 0, 1861. ]
   - [ 63, 426, 0, 1689. ]
   - [ 64, 141, 0, 1699. ]
   - [ 65, 63, 0, 1407. ]
   - [ 66, 304, 0, 1595. ]
   - [ 67, 158, 0, 1485. ]
   - [ 68, 254, 0, 1662. ]
   - [ 69, 458, 0, 1479. ]
   - [ 70, 407, 0, 1523. ]
   - [ 71, 159, 0, 1598. ]
   - [ 72, 316, 0, 1696. ]
   - [ 73, 139, 0, 1629. ]
   - [ 74, 60, 0, 1661. ]
   - [ 75, 183, 0, 1545. ]
   - [ 76, 419, 0, 1721. ]
   - [ 77, 155, 0, 1523. ]
   - [ 78, 184, 0, 1605. ]
   - [ 79, 402, 0, 1348. ]
   - [ 80, 2, 0, 1854. ]
   - [ 81, 94, 0, 1523. ]
   - [ 82, 94, 0, 1441. ]
   - [ 83, 490, 0, 1338. ]
   - [ 84, 149, 0, 1345. ]
   - [ 85, 68, 0, 1494. ]
   - [ 86, 274, 0, 1674. ]
   - [ 87, 101, 0, 1524. ]
   - [ 88, 390, 0, 1829. ]
   - [ 89, 2, 0, 1554. ]
   - [ 90, 281, 0, 1384. ]
   - [ 91, 285, 0, 1456. ]
   - [ 92, 259, 0, 1567. ]
   - [ 93, 199, 0, 1738. ]
   - [ 94, 293, 0, 1547. ]
   - [ 95, 300, 0, 1660. ]
   - [ 96, 94, 0, 1269. ]
   - [ 97, 88, 0, 1554. ]
   - [ 98, 236, 0, 1609. ]
   - [ 99, 219, 0, 1826. ]
   - [ 100, 170, 0, 1413. ]
   - [ 101, 339, 0, 1543. ]
   - [ 102, 264, 0, 1119. ]
   - [ 103, 198, 0, 1910. ]
   - [ 104, 201, 0, 1548. ]
   - [ 105, 316, 0, 1766. ]
   - [ 106, 118, 0, 1523. ]
   - [ 107, 52, 0, 1557. ]
   - [ 108, 55, 0, 1707. ]
   - [ 109, 321, 0, 1593. ]
   - [ 110, 261, 0, 1673. ]
   - [ 111, 203, 0, 1695. ]
   - [ 112, 155, 0, 1617. ]
   - [ 113, 163, 0, 1464. ]
   - [ 114, 450, 0, 1758. ]
   - [ 115, 200, 0, 1379. ]
   - [ 116, 332, 0, 1612. ]
   - [ 117, 72, 0, 1679. ]
   - [ 118, 52, 0, 1454. ]
   - [ 119, 80, 0, 1194. ]
   - [ 120, 358, 0, 1506. ]
   - [ 121, 252, 0, 1929. ]
   - [ 122, 179, 0, 1404. ]
   - [ 123, 68, 0, 1448. ]
   - [ 124, 158, 0, 1236. ]
   - [ 125, 232, 0, 1151. ]
   - [ 126, 275, 0, 1595. ]
   - [ 127, 178, 0, 1902. ]
   - [ 128, 44, 0, 1852. ]
   - [ 129, 201, 0, 1366. ]
   - [ 130, 39, 0, 1465. ]
   - [ 131, 201, 0, 1384. ]
   - [ 132, 39, 0, 1311. ]
   - [ 133, 159, 0, 1423. ]
   - [ 134, 457, 0, 1441. ]
   - [ 135, 21, 0, 1828. ]
   - [ 136, 37, 0, 1448. ]
   - [ 137, 134, 0, 1429. ]
   - [ 138, 328, 0, 1699. ]
   - [ 139, 61, 0, 1716. ]
   - [ 140, 58, 0, 1540. ]
   - [ 141, 417, 0, 1517. ]
   - [ 142, 206, 0, 1631. ]
   - [ 143, 70, 0, 1523. ]
   - [ 144, 300, 0, 1383. ]
   - [ 145, 152, 0, 1610. ]
   - [ 146, 453, 0, 1530. ]
   - [ 147, 72, 0, 1743. ]
   - [ 148, 434, 0, 1591. ]
   - [ 149, 241, 0, 1389. ]
   - [ 150, 275, 0, 1397. ]
   - [ 151, 4, 0, 1387. ]
   - [ 152, 220, 0, 1384. ]
   - [ 153, 2, 0, 1303. ]
   - [ 154, 68, 0, 1442. ]
   - [ 155, 260, 0, 1494. ]
   - [ 156, 2, 0, 1206. ]
   - [ 157, 477, 0, 1384. ]
   - [ 158, 149, 0, 1788. ]
   - [ 159, 326, 0, 1219. ]
   - [ 160, 90, 0, 1752. ]
   - [ 161, 445, 0, 1314. ]
   - [ 162, 11, 0, 1679. ]
   - [ 163, 120, 0, 1446. ]
   - [ 164, 499, 0, 1816. ]
   - [ 165, 463, 0, 1368. ]
   - [ 166, 155, 0, 1483. ]
   - [ 167, 262, 0, 1234. ]
   - [ 168, 75, 0, 1464. ]
   - [ 169, 252, 0, 1636. ]
   - [ 170, 294, 0, 1666. ]
   - [ 171, 38, 0, 1058. ]
   - [ 172, 337, 0, 1243. ]
   - [ 173, 273, 0, 1650. ]
   - [ 174, 54, 0, 1430. ]
   - [ 175, 200, 0, 1580. ]
   - [ 176, 20, 0, 1696. ]
   - [ 177, 384, 0, 1591. ]
   - [ 178, 55, 0, 1504. ]
   - [ 179, 91, 0, 1539. ]
   - [ 180, 145, 0, 1262. ]
   - [ 181, 10, 0, 1638. ]
   - [ 182, 250, 0, 1613. ]
   - [ 183, 52, 0, 1383. ]
   - [ 184, 207, 0, 1819. ]
   - [ 185, 122, 0, 1709. ]
   - [ 186, 116, 0, 1321. ]
   - [ 187, 461, 0, 1113. ]
   - [ 188, 478, 0, 1683. ]
   - [ 189, 440, 0, 1649. ]
   - [ 190, 248, 0, 1370. ]
   - [ 191, 486, 0, 1592. ]
   - [ 192, 30, 0, 1520. ]
   - [ 193, 207, 0, 1703. ]
   - [ 194, 412, 0, 1649. ]
   - [ 195, 265, 0, 1511. ]
   - [ 196, 399, 0, 1715. ]
   - [ 197, 467, 0, 903. ]
   - [ 198, 11, 0, 1651. ]
   - [ 199, 123, 0, 1428. ]
   - [ 200, 199, 0, 1759. ]
   - [ 201, 201, 0, 1812. ]
   - [ 202, 130, 0, 1544. ]
   - [ 203, 255, 0, 1512. ]
   - [ 204, 310, 0, 1585. ]
   - [ 205, 90, 0, 1463. ]
   - [ 206, 25, 0, 1625. ]
   - [ 207, 488, 0, 1808. ]
   - [ 208, 2, 0, 1505. ]
   - [ 209, 33, 0, 1586. ]
   - [ 210, 432, 0, 1729. ]
   - [ 211, 85, 0, 1723. ]
   - [ 212, 123, 0, 1138. ]
   - [ 213, 224, 0, 1511. ]
   - [ 214, 389, 0, 1613. ]
   - [ 215, 68, 0, 1638. ]
   - [ 216, 68, 0, 1631. ]
   - [ 217, 122, 0, 1774. ]
   - [ 218, 292, 0, 1431. ]
   - [ 219, 368, 0, 1389. ]
   - [ 220, 258, 0, 1411. ]
   - [ 221, 452, 0, 1219. ]
   - [ 222, 390, 0, 1788. ]
   - [ 223, 60, 0, 1413. ]
   - [ 224, 498, 0, 1347. ]
   - [ 225, 28, 0, 1655. ]
   - [ 226, 453, 0, 1721. ]
   - [ 227, 17, 0, 1571. ]
   - [ 228, 461, 0, 1552. ]
   - [ 229, 455, 0, 1799. ]
   - [ 230, 110, 0, 1631. ]
   - [ 231, 94, 0, 1205. ]
   - [ 232, 200, 0, 1478. ]
   - [ 233, 17, 0, 1592. ]
   - [ 234, 68, 0, 1665. ]
   - [ 235, 2, 0, 1451. ]
   - [ 236, 82, 0, 1507. ]
   - [ 237, 68, 0, 1529. ]
   - [ 238, 232, 0, 1539. ]
   - [ 239, 129, 0, 1380. ]
   - [ 240, 189, 0, 1487. ]
   - [ 241, 236, 0, 1489. ]
   - [ 242, 104, 0, 1474. ]
   - [ 243, 123, 0, 1515. ]
   - [ 244, 123, 0, 1499. ]
   - [ 245, 54, 0, 1423. ]
   - [ 246, 312, 0, 1514. ]
   - [ 247, 11, 0, 1459. ]
   - [ 248, 371, 0, 1458. ]
   - [ 249, 170, 0, 1253. ]
   - [ 250, 488, 0, 1648. ]
   - [ 251, 79, 0, 1696. ]
   - [ 252, 4, 0, 1440. ]
   - [ 253, 483, 0, 1783. ]
   - [ 254, 122, 0, 1708. ]
   - [ 255, 138, 0, 1427. ]
   - [ 256, 388, 0, 1439. ]
   - [ 257, 61, 0, 1405. ]
   - [ 258, 155, 0, 1124. ]
   - [ 259, 429, 0, 1686. ]
   - [ 260, 189, 0, 1537. ]
   - [ 261, 222, 0, 1518. ]
   - [ 262, 483, 0, 1710. ]
   - [ 263, 114, 0, 1389. ]
   - [ 264, 100, 0, 1581. ]
   - [ 265, 103, 0, 1623. ]
   - [ 266, 1, 0, 1535. ]
   - [ 267, 37, 0, 1623. ]
   - [ 268, 273, 0, 1425. ]
   - [ 269, 92, 0, 1543. ]
   - [ 270, 2, 0, 1904. ]
   - [ 271, 4, 0, 1721. ]
   - [ 272, 124, 0, 1971. ]
   - [ 273, 34, 0, 1219. ]
   - [ 274, 89, 0, 1156. ]
   - [ 275, 217, 0, 1667. ]
   - [ 276, 149, 0, 1562. ]
   - [ 277, 4, 0, 1405. ]
   - [ 278, 255, 0, 1548. ]
   - [ 279, 342, 0, 1869. ]
   - [ 280, 117, 0, 1313. ]
   - [ 281, 30, 0, 1515. ]
   - [ 282, 61, 0, 1401. ]
   - [ 283, 106, 0, 1649. ]
   - [ 284, 106, 0, 1715. ]
   - [ 285, 30, 0, 1761. ]
   - [ 286, 371, 0, 1544. ]
   - [ 287, 61, 0, 1380. ]
   - [ 288, 232, 0, 1265. ]
   - [ 289, 178, 0, 1761. ]
   - [ 290, 200, 0, 1308. ]
   - [ 291, 159, 0, 1580. ]
